0,[0.10367316 0.35284066 0.27231142 0.5676706 ],7.0,0.99135065,0.13562273979187012
0,[0.7145438  0.437399   0.92709124 0.7442523 ],7.0,0.990542,0.13562273979187012
0,[0.71254516 0.2842533  0.83487713 0.4247374 ],7.0,0.9828455,0.13562273979187012
0,[0.50490195 0.32675773 0.60011095 0.4632095 ],7.0,0.97799426,0.13562273979187012
0,[0.32679763 0.37495333 0.57338244 0.8146524 ],7.0,0.9707911,0.13562273979187012
0,[0.21528643 0.3377335  0.3162622  0.514807  ],7.0,0.95631266,0.13562273979187012
0,[0.66465706 0.34724867 0.8013249  0.49489152],7.0,0.86400115,0.13562273979187012
0,[0.31450373 0.30367905 0.51418686 0.5101843 ],7.0,0.61812806,0.13562273979187012
0,[0.67618805 0.39335334 0.8138718  0.5563007 ],7.0,0.4887238,0.13562273979187012
0,[0.30689716 0.48463154 0.5979824  0.9936969 ],9.0,0.46168715,0.13562273979187012
0,[0.03099303 0.87618196 0.15196177 0.9988692 ],9.0,0.40530133,0.13562273979187012
0,[0.602603   0.42524576 0.677875   0.7727053 ],15.0,0.842505,0.13562273979187012
1,[0.71357036 0.43740356 0.9260746  0.74228334],7.0,0.9983815,0.15593934059143066
1,[0.5066424  0.33028302 0.5941269  0.46020535],7.0,0.9904585,0.15593934059143066
1,[0.7143192  0.28903705 0.8363074  0.41912603],7.0,0.99021846,0.15593934059143066
1,[0.10717854 0.35650325 0.29659483 0.5496298 ],7.0,0.9881025,0.15593934059143066
1,[0.30458403 0.33889902 0.5766349  0.8496821 ],7.0,0.9378775,0.15593934059143066
1,[0.00743097 0.5086477  0.16824797 0.9963318 ],7.0,0.90270555,0.15593934059143066
1,[0.22144538 0.34105986 0.3150735  0.5283346 ],7.0,0.79829764,0.15593934059143066
1,[0.6568393  0.34717456 0.7940679  0.4771581 ],7.0,0.7195123,0.15593934059143066
1,[0.28040165 0.30541778 0.5298959  0.5586936 ],7.0,0.7003879,0.15593934059143066
1,[0.02750066 0.87612426 0.14525016 0.99914217],9.0,0.32469708,0.15593934059143066
1,[0.2959914  0.7461844  0.57815766 1.0027103 ],9.0,0.31505617,0.15593934059143066
1,[0.59607244 0.41403311 0.67602396 0.77429134],15.0,0.9049379,0.15593934059143066
2,[0.7118543  0.44022894 0.92161936 0.73489463],7.0,0.9952774,0.136124849319458
2,[0.10017663 0.35781664 0.27723032 0.55147654],7.0,0.98757684,0.136124849319458
2,[0.71214306 0.29212248 0.8356916  0.41887838],7.0,0.9664895,0.136124849319458
2,[0.29708242 0.33707172 0.5608232  0.84242326],7.0,0.9647321,0.136124849319458
2,[0.5073936  0.33439323 0.5941969  0.46028885],7.0,0.955179,0.136124849319458
2,[0.0073524  0.5073645  0.16579756 1.0080425 ],7.0,0.95111406,0.136124849319458
2,[0.21172336 0.34638402 0.30736008 0.52933663],7.0,0.93064034,0.136124849319458
2,[0.28483188 0.30899668 0.53457636 0.567828  ],7.0,0.733112,0.136124849319458
2,[0.6569918  0.348743   0.79052335 0.4426802 ],7.0,0.696034,0.136124849319458
2,[0.27323523 0.47972903 0.59972763 0.9928323 ],9.0,0.31662402,0.136124849319458
2,[0.5945322  0.4230317  0.67477614 0.76576483],15.0,0.6156939,0.136124849319458
3,[0.71138996 0.4397894  0.9218996  0.73657167],7.0,0.9975834,0.13159537315368652
3,[0.11037275 0.3579613  0.295685   0.54227   ],7.0,0.9888095,0.13159537315368652
3,[0.2950102  0.33728418 0.56165224 0.8473073 ],7.0,0.9768643,0.13159537315368652
3,[0.71060914 0.29287687 0.83661205 0.41856542],7.0,0.9719997,0.13159537315368652
3,[0.5075273  0.33520862 0.5954407  0.4620531 ],7.0,0.9633473,0.13159537315368652
3,[0.00638175 0.5084145  0.16408268 0.98812497],7.0,0.95381886,0.13159537315368652
3,[0.21181628 0.3464036  0.30648693 0.5283306 ],7.0,0.9169109,0.13159537315368652
3,[0.6562974  0.34820262 0.7904199  0.4445605 ],7.0,0.7325547,0.13159537315368652
3,[0.28069448 0.31137392 0.530824   0.57424605],7.0,0.70770717,0.13159537315368652
3,[0.27595815 0.48165217 0.60070205 0.99443185],9.0,0.365817,0.13159537315368652
3,[0.59478986 0.4223491  0.67687297 0.766466  ],15.0,0.671337,0.13159537315368652
4,[0.8580895  0.26581183 0.9543784  0.4443904 ],6.0,0.38129386,0.11958026885986328
4,[0.10334863 0.35430977 0.30039454 0.5500268 ],7.0,0.9936792,0.11958026885986328
4,[0.70395607 0.29061115 0.8279198  0.41309583],7.0,0.97440255,0.11958026885986328
4,[0.29912424 0.3607525  0.5545181  0.8546554 ],7.0,0.96654373,0.11958026885986328
4,[0.7073889  0.44053698 0.92200613 0.7391263 ],7.0,0.9311725,0.11958026885986328
4,[0.5072659  0.3343859  0.58583844 0.46955284],7.0,0.91093564,0.11958026885986328
4,[0.21747367 0.34473893 0.30189785 0.5284003 ],7.0,0.86223453,0.11958026885986328
4,[0.00732848 0.5057519  0.1659743  1.0106866 ],7.0,0.85927325,0.11958026885986328
4,[0.29809648 0.3070122  0.5247773  0.5468652 ],7.0,0.80064523,0.11958026885986328
4,[0.648523   0.34589976 0.78377306 0.48143142],7.0,0.7322,0.11958026885986328
4,[0.6621621  0.37700853 0.80496436 0.5534848 ],7.0,0.5648843,0.11958026885986328
4,[0.02102902 0.87641895 0.13390864 0.9949548 ],9.0,0.30232668,0.11958026885986328
4,[0.5773579  0.40948626 0.65948975 0.7642021 ],15.0,0.57627153,0.11958026885986328
5,[0.10444581 0.35610062 0.29542223 0.5592296 ],7.0,0.9879469,0.13467121124267578
5,[0.7053723  0.29330298 0.8185249  0.41434124],7.0,0.97554576,0.13467121124267578
5,[0.28848633 0.33734185 0.5560657  0.8493759 ],7.0,0.9705283,0.13467121124267578
5,[0.7112229  0.43882215 0.9156529  0.7312176 ],7.0,0.9357797,0.13467121124267578
5,[0.00745769 0.50749826 0.16251773 1.007419  ],7.0,0.903994,0.13467121124267578
5,[0.22036828 0.35047883 0.2974797  0.52975863],7.0,0.8357666,0.13467121124267578
5,[0.65060765 0.3727107  0.792401   0.5584192 ],7.0,0.82936,0.13467121124267578
5,[0.50563735 0.3345248  0.58356065 0.46940798],7.0,0.8275628,0.13467121124267578
5,[0.64235055 0.3478564  0.7767705  0.47916567],7.0,0.7226501,0.13467121124267578
5,[0.30278087 0.30877936 0.53363377 0.5761803 ],7.0,0.30713207,0.13467121124267578
5,[0.02624502 0.8806847  0.12963979 0.9946533 ],9.0,0.34748387,0.13467121124267578
5,[0.26138514 0.4633532  0.59159124 0.99408793],9.0,0.3071578,0.13467121124267578
5,[0.5725632  0.40974504 0.6549276  0.7604894 ],15.0,0.6090426,0.13467121124267578
5,[0.5638735  0.3825542  0.6444224  0.58523047],15.0,0.34278074,0.13467121124267578
6,[0.08988971 0.35700816 0.27503428 0.55747485],7.0,0.9967135,0.12146401405334473
6,[0.2808774  0.34420705 0.555781   0.8368263 ],7.0,0.99538714,0.12146401405334473
6,[0.50023264 0.326188   0.5756871  0.4639283 ],7.0,0.9083282,0.12146401405334473
6,[0.69021916 0.2974092  0.8031322  0.41549215],7.0,0.74840313,0.12146401405334473
6,[0.00688443 0.50746    0.15214708 0.8600086 ],7.0,0.70833683,0.12146401405334473
6,[0.18413983 0.343267   0.30008322 0.529056  ],7.0,0.6480007,0.12146401405334473
6,[0.7070557  0.4296329  0.9120697  0.71273077],7.0,0.55461735,0.12146401405334473
6,[0.6374632  0.34173805 0.7735766  0.44513786],7.0,0.46007636,0.12146401405334473
6,[0.28491205 0.31017634 0.5360781  0.5743345 ],7.0,0.37396905,0.12146401405334473
6,[0.09187758 0.5936822  0.67291    1.1096094 ],9.0,0.8602627,0.12146401405334473
6,[0.0016962  0.5532402  0.15587184 1.0075687 ],9.0,0.77518636,0.12146401405334473
6,[0.5633164  0.4032203  0.6464495  0.75995743],15.0,0.7232955,0.12146401405334473
7,[0.08820232 0.3561815  0.2746782  0.5606597 ],7.0,0.99914515,0.13770151138305664
7,[0.2778643  0.32277128 0.56133986 0.8143574 ],7.0,0.9953448,0.13770151138305664
7,[0.6904998  0.42499787 0.9294263  0.7027605 ],7.0,0.9901958,0.13770151138305664
7,[0.69643474 0.2944407  0.80147433 0.41250563],7.0,0.8411585,0.13770151138305664
7,[0.49830672 0.32526785 0.5744129  0.45896852],7.0,0.8271327,0.13770151138305664
7,[0.6349207  0.34099293 0.76419663 0.45254225],7.0,0.73726827,0.13770151138305664
7,[0.00554197 0.49492085 0.14750516 0.7789787 ],7.0,0.6690205,0.13770151138305664
7,[0.18078467 0.34320593 0.30121237 0.52580863],7.0,0.55065227,0.13770151138305664
7,[0.6465548  0.3905468  0.77836514 0.56443185],7.0,0.4267569,0.13770151138305664
7,[0.09448367 0.59767914 0.66764873 1.1089749 ],9.0,0.9064707,0.13770151138305664
7,[0.00461851 0.5512712  0.15980351 1.0032433 ],9.0,0.7203376,0.13770151138305664
7,[0.56316733 0.3833981  0.64386415 0.7086468 ],15.0,0.73902243,0.13770151138305664
8,[0.08912066 0.35662794 0.26700574 0.55999625],7.0,0.9989532,0.13090825080871582
8,[0.6880648  0.42458043 0.9240184  0.70566916],7.0,0.99827135,0.13090825080871582
8,[0.27566335 0.33007705 0.5630201  0.8224478 ],7.0,0.995581,0.13090825080871582
8,[0.6974009  0.29428366 0.8025321  0.41252807],7.0,0.83361256,0.13090825080871582
8,[0.6348188  0.34175664 0.7640902  0.45565146],7.0,0.81168747,0.13090825080871582
8,[0.49751318 0.32342643 0.5744953  0.4585693 ],7.0,0.811658,0.13090825080871582
8,[0.18008238 0.34338373 0.3014026  0.52387094],7.0,0.63884234,0.13090825080871582
8,[0.00527474 0.49474084 0.14868617 0.7877096 ],7.0,0.6272606,0.13090825080871582
8,[0.64603543 0.39162573 0.77908194 0.5648906 ],7.0,0.45481685,0.13090825080871582
8,[0.27533737 0.31224483 0.5334083  0.5824266 ],7.0,0.45001453,0.13090825080871582
8,[0.44012356 0.2911048  0.5170104  0.48571956],7.0,0.40427503,0.13090825080871582
8,[0.5234232  0.33042848 0.620134   0.44581443],7.0,0.32818508,0.13090825080871582
8,[0.09149131 0.6016092  0.6604302  1.1053376 ],9.0,0.93997455,0.13090825080871582
8,[0.00447389 0.5511606  0.16016608 1.0039672 ],9.0,0.656804,0.13090825080871582
8,[0.5638683  0.38531545 0.6439589  0.70811963],15.0,0.74703854,0.13090825080871582
9,[0.08571077 0.35580525 0.26755247 0.5550516 ],7.0,0.99929476,0.13333368301391602
9,[0.6868197  0.42396557 0.919618   0.7033261 ],7.0,0.9985574,0.13333368301391602
9,[0.27591208 0.3212307  0.54672754 0.81046885],7.0,0.99251705,0.13333368301391602
9,[0.49625957 0.32139722 0.57557034 0.45514002],7.0,0.89046586,0.13333368301391602
9,[0.69711673 0.29265463 0.8014132  0.4136877 ],7.0,0.79660076,0.13333368301391602
9,[0.4286805  0.28521556 0.5157854  0.49341315],7.0,0.7651194,0.13333368301391602
9,[0.17928204 0.34309974 0.29928604 0.52316034],7.0,0.7457838,0.13333368301391602
9,[0.28272647 0.3078163  0.5287975  0.5661621 ],7.0,0.71316785,0.13333368301391602
9,[0.6345927  0.33803296 0.7548974  0.4578101 ],7.0,0.6078002,0.13333368301391602
9,[0.00629981 0.49172926 0.14927833 0.7805333 ],7.0,0.60254383,0.13333368301391602
9,[0.08110136 0.6122719  0.6652687  1.1001337 ],9.0,0.94864696,0.13333368301391602
9,[0.00504812 0.58955836 0.16727728 1.001083  ],9.0,0.7054773,0.13333368301391602
9,[0.560345   0.38296294 0.64495176 0.7137494 ],15.0,0.9167525,0.13333368301391602
10,[0.83917564 0.26608282 0.9435218  0.4464975 ],6.0,0.34110516,0.13214755058288574
10,[0.08509653 0.35510144 0.2513043  0.5577297 ],7.0,0.99887055,0.13214755058288574
10,[0.68775964 0.4262247  0.90155864 0.6993933 ],7.0,0.990695,0.13214755058288574
10,[0.28018343 0.3251251  0.5485747  0.83663785],7.0,0.98361707,0.13214755058288574
10,[0.18702087 0.34424648 0.29995674 0.5227078 ],7.0,0.94469607,0.13214755058288574
10,[0.6934489  0.29348102 0.80539155 0.40478435],7.0,0.83917415,0.13214755058288574
10,[0.29710168 0.30631554 0.52868295 0.56524265],7.0,0.7917364,0.13214755058288574
10,[0.4936231  0.32392043 0.57768303 0.45751154],7.0,0.7425971,0.13214755058288574
10,[0.43860778 0.2852599  0.5158326  0.4878655 ],7.0,0.6853992,0.13214755058288574
10,[0.00557844 0.49355003 0.155633   1.0078539 ],7.0,0.45534235,0.13214755058288574
10,[0.6291594  0.33579794 0.744423   0.45204917],7.0,0.3425742,0.13214755058288574
10,[0.08517504 0.60809433 0.6660278  1.0914624 ],9.0,0.9506028,0.13214755058288574
10,[0.00218925 0.5224664  0.15764406 1.0022316 ],9.0,0.8204499,0.13214755058288574
10,[0.55728704 0.38189402 0.64261955 0.70794594],15.0,0.9060433,0.13214755058288574
11,[0.09388924 0.35470384 0.26322246 0.55900097],7.0,0.99766517,0.1269216537475586
11,[0.28507957 0.3158425  0.5474497  0.8349558 ],7.0,0.99167764,0.1269216537475586
11,[0.6911796  0.42418563 0.89715725 0.6949332 ],7.0,0.9903594,0.1269216537475586
11,[0.2165849  0.34374684 0.2982884  0.51501936],7.0,0.9446017,0.1269216537475586
11,[0.5007173  0.32957858 0.58618057 0.4682747 ],7.0,0.8402147,0.1269216537475586
11,[0.7058046  0.29998785 0.80958676 0.3969245 ],7.0,0.5486866,0.1269216537475586
11,[0.31011468 0.3009889  0.5281739  0.5345615 ],7.0,0.40543354,0.1269216537475586
11,[0.00236683 0.54014504 0.15360953 1.0042304 ],9.0,0.52756476,0.1269216537475586
11,[0.0972282 0.5932414 0.6582321 1.1006901],9.0,0.5069488,0.1269216537475586
11,[0.01025152 0.86335266 0.12803575 0.9963057 ],9.0,0.4029306,0.1269216537475586
11,[0.35913086 0.60294867 0.8264067  1.0936702 ],9.0,0.39032787,0.1269216537475586
11,[0.55264443 0.3737363  0.6406782  0.69489706],15.0,0.60942715,0.1269216537475586
11,[0.7714637  0.6587913  1.0094876  0.82776415],18.0,0.72797066,0.1269216537475586
12,[0.10323145 0.35355446 0.2975811  0.55018264],7.0,0.9979938,0.1322169303894043
12,[0.28702852 0.3084173  0.548231   0.80875933],7.0,0.9941393,0.1322169303894043
12,[0.21714751 0.34273267 0.30038774 0.5173961 ],7.0,0.8470957,0.1322169303894043
12,[0.5040157  0.32717735 0.58167994 0.4596491 ],7.0,0.59432125,0.1322169303894043
12,[0.694655  0.4234316 0.905281  0.6876457],7.0,0.57155037,0.1322169303894043
12,[0.09445059 0.59968865 0.67045027 1.1071997 ],9.0,0.8620433,0.1322169303894043
12,[0.6858662  0.4166825  0.89775544 0.69749725],9.0,0.51944184,0.1322169303894043
12,[0.00401544 0.4787568  0.15758377 0.8439357 ],9.0,0.5137875,0.1322169303894043
12,[0.02301016 0.8692481  0.12616837 0.99544114],9.0,0.4852224,0.1322169303894043
12,[0.33854613 0.60057807 0.8769274  1.0868841 ],9.0,0.35000193,0.1322169303894043
12,[0.5538876  0.38318622 0.6416825  0.69659185],15.0,0.45960376,0.1322169303894043
12,[0.634222   0.33424664 0.75108546 0.44023663],18.0,0.549696,0.1322169303894043
12,[0.6850342  0.41398698 0.88920015 0.6978454 ],18.0,0.35277045,0.1322169303894043
13,[0.10150132 0.35249308 0.29880106 0.551929  ],7.0,0.99802125,0.12303805351257324
13,[0.2845844  0.3125848  0.54927194 0.81431746],7.0,0.9930951,0.12303805351257324
13,[0.6908218  0.42323786 0.9022928  0.6916999 ],7.0,0.97202593,0.12303805351257324
13,[0.21854359 0.34268683 0.30127984 0.5144218 ],7.0,0.85494435,0.12303805351257324
13,[0.50502264 0.3271668  0.583081   0.45827258],7.0,0.7747453,0.12303805351257324
13,[0.00479168 0.47763136 0.16185027 0.861714  ],7.0,0.33125076,0.12303805351257324
13,[0.1010482  0.5966919  0.66873586 1.1069221 ],9.0,0.71465796,0.12303805351257324
13,[0.01856818 0.86860275 0.12734124 0.99592066],9.0,0.5533563,0.12303805351257324
13,[0.3388343 0.6134633 0.8746053 1.0888823],9.0,0.40009835,0.12303805351257324
13,[0.00479168 0.47763136 0.16185027 0.861714  ],9.0,0.30032653,0.12303805351257324
13,[0.55421525 0.3816474  0.6414502  0.6965099 ],15.0,0.3759484,0.12303805351257324
13,[0.63363576 0.33347479 0.75008893 0.44331363],18.0,0.5968432,0.12303805351257324
14,[0.097076   0.35278413 0.28000244 0.55856216],7.0,0.9961831,0.12258410453796387
14,[0.28646755 0.31701297 0.5474785  0.8338353 ],7.0,0.9874242,0.12258410453796387
14,[0.69176763 0.41912994 0.9010127  0.6866081 ],7.0,0.9595521,0.12258410453796387
14,[0.7114287  0.29568422 0.81007785 0.38858396],7.0,0.8553716,0.12258410453796387
14,[0.2135216 0.3435431 0.3011608 0.5150609],7.0,0.80146134,0.12258410453796387
14,[0.5034582  0.31494713 0.5881404  0.45552057],7.0,0.58472395,0.12258410453796387
14,[0.00556239 0.48010033 0.15963799 0.8500853 ],7.0,0.553761,0.12258410453796387
14,[0.62955683 0.32377782 0.7542688  0.41274145],7.0,0.43255806,0.12258410453796387
14,[0.01971047 0.8758321  0.13327546 0.9962318 ],9.0,0.8200251,0.12258410453796387
14,[0.13023975 0.5988852  0.6494117  1.0941744 ],9.0,0.3217642,0.12258410453796387
14,[0.00316513 0.5259052  0.15774205 1.0000277 ],9.0,0.31716713,0.12258410453796387
14,[0.5515087  0.3696348  0.6401326  0.69540244],15.0,0.65555084,0.12258410453796387
14,[0.76449066 0.6421807  1.0117135  0.7967956 ],18.0,0.39828232,0.12258410453796387
15,[0.8429232  0.25852364 0.9482078  0.44296074],6.0,0.35164228,0.12705087661743164
15,[0.10010281 0.35493904 0.27006167 0.56013674],7.0,0.9975992,0.12705087661743164
15,[0.68892443 0.41567174 0.90607965 0.6853453 ],7.0,0.9895236,0.12705087661743164
15,[0.28317276 0.31163105 0.54782104 0.83630633],7.0,0.9851747,0.12705087661743164
15,[0.7102943  0.29366553 0.8102183  0.38248897],7.0,0.9319606,0.12705087661743164
15,[0.21479312 0.342327   0.29960522 0.51164275],7.0,0.89340514,0.12705087661743164
15,[0.62952363 0.3206069  0.75734305 0.41462332],7.0,0.80332744,0.12705087661743164
15,[0.00561634 0.4798894  0.16755071 0.9499128 ],7.0,0.79722375,0.12705087661743164
15,[0.5091315  0.33111563 0.58261985 0.4698756 ],7.0,0.61831874,0.12705087661743164
15,[0.02531189 0.8761079  0.13767563 0.9985514 ],9.0,0.6361939,0.12705087661743164
15,[0.0256264 0.5774604 0.1960772 1.0905257],9.0,0.4321215,0.12705087661743164
15,[0.55598146 0.36955625 0.6423846  0.6909798 ],15.0,0.88791484,0.12705087661743164
16,[0.84515864 0.2597602  0.9464156  0.44426304],6.0,0.32779735,0.12331080436706543
16,[0.28630334 0.2996852  0.5475326  0.78417873],7.0,0.9981153,0.12331080436706543
16,[0.11571746 0.35515028 0.2896064  0.5552103 ],7.0,0.99521095,0.12331080436706543
16,[0.68435377 0.39734292 0.88772374 0.66995513],7.0,0.9785831,0.12331080436706543
16,[0.70525575 0.2907836  0.8151257  0.37915894],7.0,0.9678859,0.12331080436706543
16,[0.21238661 0.33733714 0.3070534  0.5141051 ],7.0,0.94589263,0.12331080436706543
16,[0.00484971 0.47152352 0.17112064 0.92614627],7.0,0.8043062,0.12331080436706543
16,[0.6270496  0.31413135 0.7530289  0.41276148],7.0,0.7142731,0.12331080436706543
16,[0.50253975 0.30573574 0.5858247  0.44703844],7.0,0.32281703,0.12331080436706543
16,[0.6518129  0.39143768 0.8227494  0.547969  ],7.0,0.3204482,0.12331080436706543
16,[0.02265367 0.8769594  0.13944507 0.99899834],9.0,0.404506,0.12331080436706543
16,[0.5556011  0.36579686 0.64529085 0.69328326],15.0,0.93122053,0.12331080436706543
17,[0.10125338 0.3538296  0.27534604 0.5555533 ],7.0,0.99684,0.12704038619995117
17,[0.28791904 0.2977808  0.5495775  0.7846522 ],7.0,0.99469286,0.12704038619995117
17,[0.6857146  0.39290443 0.89132404 0.67232025],7.0,0.99047756,0.12704038619995117
17,[0.21225196 0.33657914 0.30948067 0.51358294],7.0,0.95199883,0.12704038619995117
17,[0.71370405 0.2981874  0.8154871  0.38196525],7.0,0.9468042,0.12704038619995117
17,[0.00463795 0.47121826 0.16954571 0.9145919 ],7.0,0.7637263,0.12704038619995117
17,[0.6293265  0.31970415 0.7436089  0.40471867],7.0,0.3698993,0.12704038619995117
17,[0.8431611  0.26885647 0.946381   0.4492054 ],7.0,0.34472102,0.12704038619995117
17,[0.00339036 0.65095705 0.15824059 1.0142872 ],9.0,0.4803109,0.12704038619995117
17,[0.55422854 0.36223635 0.6434792  0.68263674],15.0,0.8242494,0.12704038619995117
18,[0.10170435 0.3535529  0.27690372 0.55455226],7.0,0.9952016,0.1269984245300293
18,[0.2897572 0.2997547 0.5565782 0.777055 ],7.0,0.99429506,0.1269984245300293
18,[0.68498385 0.39573368 0.8899274  0.6748699 ],7.0,0.98600477,0.1269984245300293
18,[0.7137891  0.29806176 0.8159816  0.38278   ],7.0,0.9602449,0.1269984245300293
18,[0.2127156  0.33758938 0.31006703 0.5183938 ],7.0,0.9466738,0.1269984245300293
18,[0.00624362 0.47032923 0.16637495 0.84686   ],7.0,0.76346344,0.1269984245300293
18,[0.6272063  0.32124913 0.7414576  0.40585923],7.0,0.36183783,0.1269984245300293
18,[0.8431568  0.26787126 0.94638145 0.44893318],7.0,0.32650784,0.1269984245300293
18,[0.02564165 0.6069988  0.2018102  1.0917802 ],9.0,0.32035047,0.1269984245300293
18,[0.55385387 0.36174268 0.64329517 0.68096775],15.0,0.8505629,0.1269984245300293
19,[0.8393276  0.26434153 0.94692373 0.44726086],6.0,0.31333727,0.1204380989074707
19,[0.29199755 0.29673475 0.54478407 0.7666947 ],7.0,0.99865735,0.1204380989074707
19,[0.10152667 0.3527048  0.2710733  0.5579479 ],7.0,0.99113387,0.1204380989074707
19,[0.21382672 0.33894658 0.31042314 0.50525063],7.0,0.9668168,0.1204380989074707
19,[0.71490633 0.2956725  0.8150109  0.37740645],7.0,0.91240007,0.1204380989074707
19,[0.00533207 0.47334737 0.16316396 0.76196057],7.0,0.87907195,0.1204380989074707
19,[0.68760145 0.38858813 0.891901   0.6716592 ],7.0,0.78825337,0.1204380989074707
19,[0.6225531  0.31997463 0.7409533  0.41188166],7.0,0.38906038,0.1204380989074707
19,[0.8375266  0.26739413 0.9445221  0.4389019 ],7.0,0.38137612,0.1204380989074707
19,[0.54990786 0.35600024 0.64162284 0.6788642 ],15.0,0.86035895,0.1204380989074707
20,[0.836418   0.26386213 0.9436849  0.44448775],6.0,0.34267247,0.12875962257385254
20,[0.28943747 0.3008141  0.5447393  0.7540745 ],7.0,0.99801564,0.12875962257385254
20,[0.11596878 0.3548076  0.27831674 0.5561402 ],7.0,0.993148,0.12875962257385254
20,[0.21522102 0.33868963 0.31122413 0.49750686],7.0,0.95241773,0.12875962257385254
20,[0.71633226 0.2939507  0.8130198  0.37619206],7.0,0.85564053,0.12875962257385254
20,[0.68359494 0.38729733 0.88123107 0.68115884],7.0,0.7347451,0.12875962257385254
20,[0.00634267 0.46651155 0.16232455 0.75453216],7.0,0.61736506,0.12875962257385254
20,[0.8358074 0.2638623 0.9432196 0.4465894],7.0,0.548288,0.12875962257385254
20,[0.62025934 0.32145596 0.73951596 0.42587876],7.0,0.32519528,0.12875962257385254
20,[0.54416126 0.3394818  0.6451476  0.6691148 ],15.0,0.7030733,0.12875962257385254
21,[0.29311922 0.2921461  0.5354456  0.7409338 ],7.0,0.98879004,0.12216567993164062
21,[0.11755459 0.34852085 0.2784698  0.5431468 ],7.0,0.9745163,0.12216567993164062
21,[0.21278135 0.3318537  0.30978668 0.49025917],7.0,0.8783573,0.12216567993164062
21,[0.00381111 0.4472593  0.1609553  0.72868955],7.0,0.8034051,0.12216567993164062
21,[0.8372626  0.2596223  0.94084257 0.4410732 ],7.0,0.63405967,0.12216567993164062
21,[0.72231245 0.2929073  0.8053529  0.36549807],7.0,0.40495798,0.12216567993164062
21,[0.68557477 0.38163188 0.87038267 0.64813876],7.0,0.3330467,0.12216567993164062
21,[0.40874666 0.7288554  0.68784934 0.99202347],9.0,0.7755926,0.12216567993164062
21,[0.5430766 0.3215179 0.645145  0.6519823],15.0,0.9661785,0.12216567993164062
21,[0.11466748 0.6516012  0.65910655 1.0952344 ],15.0,0.32979622,0.12216567993164062
21,[0.68815464 0.38829482 0.8671698  0.6203729 ],18.0,0.33007768,0.12216567993164062
22,[0.28785476 0.29362094 0.53395146 0.74091434],7.0,0.9837907,0.11191749572753906
22,[0.12312421 0.3451995  0.2918081  0.53479636],7.0,0.9773471,0.11191749572753906
22,[0.00380787 0.4424435  0.1613133  0.71552014],7.0,0.94799536,0.11191749572753906
22,[0.8357735  0.25929976 0.939439   0.43754435],7.0,0.6776001,0.11191749572753906
22,[0.21646477 0.33073696 0.3116722  0.48613092],7.0,0.6724576,0.11191749572753906
22,[0.3472569  0.725661   0.6508803  0.99232036],9.0,0.55967945,0.11191749572753906
22,[0.29341274 0.46847522 0.5162877  0.7437773 ],9.0,0.5307142,0.11191749572753906
22,[0.09529462 0.6252151  0.6552576  1.1058245 ],9.0,0.382469,0.11191749572753906
22,[0.5463458  0.33081406 0.6422408  0.63386464],15.0,0.8345591,0.11191749572753906
22,[0.68567175 0.38805377 0.85559815 0.59647334],18.0,0.32491207,0.11191749572753906
23,[0.28889114 0.2940742  0.5341256  0.73614097],7.0,0.98738134,0.12735915184020996
23,[0.00533403 0.44120184 0.1652148  0.68731606],7.0,0.9782641,0.12735915184020996
23,[0.12189362 0.34526774 0.28553563 0.53542817],7.0,0.97379625,0.12735915184020996
23,[0.2162717  0.32975006 0.31199437 0.4901198 ],7.0,0.6638459,0.12735915184020996
23,[0.83796334 0.25877258 0.9378065  0.4378756 ],7.0,0.40708762,0.12735915184020996
23,[0.3524678  0.7257258  0.65074146 0.9923598 ],9.0,0.73696107,0.12735915184020996
23,[0.2943958  0.4758795  0.51494765 0.7412434 ],9.0,0.5202621,0.12735915184020996
23,[0.5431408  0.32732308 0.6423071  0.64012975],15.0,0.8827207,0.12735915184020996
23,[0.68843985 0.38827875 0.8551426  0.60363126],18.0,0.5702563,0.12735915184020996
24,[0.12641737 0.34369957 0.3065263  0.5345533 ],7.0,0.9869824,0.12091445922851562
24,[0.2888009 0.2903459 0.5330232 0.7375699],7.0,0.98239523,0.12091445922851562
24,[0.00669962 0.44021246 0.16320382 0.68797225],7.0,0.9649828,0.12091445922851562
24,[0.21417478 0.32400465 0.31540927 0.43774176],7.0,0.5005298,0.12091445922851562
24,[0.8369161  0.2537094  0.94071555 0.4393489 ],7.0,0.41124266,0.12091445922851562
24,[0.29409325 0.4685811  0.5166616  0.74207866],9.0,0.47413847,0.12091445922851562
24,[0.54341865 0.32678258 0.64119184 0.6363652 ],15.0,0.9144607,0.12091445922851562
25,[0.7422636  0.61333954 0.99570984 0.8545821 ],6.0,0.5648516,0.13092660903930664
25,[0.29030812 0.29812416 0.5301408  0.7386131 ],7.0,0.9930468,0.13092660903930664
25,[0.12473971 0.34322965 0.30246872 0.52976483],7.0,0.9820388,0.13092660903930664
25,[0.00559242 0.43600723 0.1668698  0.6923028 ],7.0,0.97939074,0.13092660903930664
25,[0.21036342 0.3245332  0.31769034 0.47130474],7.0,0.80852294,0.13092660903930664
25,[0.84000236 0.25529686 0.9359229  0.4355432 ],7.0,0.33112854,0.13092660903930664
25,[0.0813393 0.617036  0.6430208 1.1133363],9.0,0.44354331,0.13092660903930664
25,[0.5457016  0.31727508 0.64486694 0.6321585 ],15.0,0.85552377,0.13092660903930664
26,[0.12904319 0.33971485 0.3017641  0.52925646],7.0,0.9925103,0.12633728981018066
26,[0.2939368  0.2878551  0.5302008  0.71995646],7.0,0.98562115,0.12633728981018066
26,[0.00665355 0.43075383 0.1678457  0.7221683 ],7.0,0.89925843,0.12633728981018066
26,[0.21529214 0.31837273 0.31959403 0.43929416],7.0,0.6521902,0.12633728981018066
26,[0.21441798 0.32855588 0.34472406 0.52315146],7.0,0.34811974,0.12633728981018066
26,[0.10448548 0.63753307 0.64298785 1.1124105 ],9.0,0.41280812,0.12633728981018066
26,[0.38166416 0.7651159  0.8882278  1.1007023 ],9.0,0.38674596,0.12633728981018066
26,[0.33551818 0.6838373  0.67019564 0.9979662 ],9.0,0.38274053,0.12633728981018066
26,[0.5449485  0.31624886 0.64221734 0.6240363 ],15.0,0.6080387,0.12633728981018066
26,[0.6851302  0.36871758 0.85432357 0.6095298 ],18.0,0.35828438,0.12633728981018066
27,[0.13263312 0.3394267  0.3016294  0.52027124],7.0,0.9873956,0.1299266815185547
27,[0.2962006  0.28035697 0.5371791  0.711205  ],7.0,0.98435473,0.1299266815185547
27,[0.00619897 0.4227406  0.1696256  0.7164725 ],7.0,0.93196523,0.1299266815185547
27,[0.21231697 0.3134166  0.32184702 0.44674772],7.0,0.76095086,0.1299266815185547
27,[0.6879911  0.36651403 0.856224   0.60208976],7.0,0.6415026,0.1299266815185547
27,[0.8397743  0.25398278 0.9402122  0.4322216 ],7.0,0.57355535,0.1299266815185547
27,[0.3690411  0.75374764 0.93165386 1.1087021 ],9.0,0.47172353,0.1299266815185547
27,[0.02376242 0.58657515 0.19285043 1.1099277 ],9.0,0.41373792,0.1299266815185547
27,[0.09574077 0.6185889  0.6236613  1.1159984 ],9.0,0.4135153,0.1299266815185547
27,[0.54947627 0.32467136 0.6387737  0.6255783 ],15.0,0.8766861,0.1299266815185547
27,[0.09328801 0.30476356 0.12558252 0.39656204],15.0,0.4572139,0.1299266815185547
28,[0.13402075 0.33842814 0.29989937 0.5207382 ],7.0,0.9808897,0.12841486930847168
28,[0.29566008 0.2787658  0.5364313  0.7132198 ],7.0,0.97121835,0.12841486930847168
28,[0.00623603 0.42345268 0.1694574  0.72843415],7.0,0.8839665,0.12841486930847168
28,[0.2106415  0.31493947 0.32300192 0.47210374],7.0,0.7517893,0.12841486930847168
28,[0.02337589 0.58396107 0.19253942 1.1114197 ],9.0,0.43423003,0.12841486930847168
28,[0.37252262 0.7460659  0.9313446  1.107325  ],9.0,0.433061,0.12841486930847168
28,[0.09611723 0.6234164  0.6234783  1.1198758 ],9.0,0.315626,0.12841486930847168
28,[0.54857016 0.31798103 0.6397921  0.6251373 ],15.0,0.8832008,0.12841486930847168
28,[0.09380287 0.30452296 0.12592748 0.39710298],15.0,0.47346237,0.12841486930847168
28,[0.6877493  0.36596972 0.8586537  0.61104727],18.0,0.6645167,0.12841486930847168
28,[0.6188993  0.3055878  0.7299896  0.41386256],18.0,0.3177809,0.12841486930847168
29,[0.75445086 0.57917076 0.98750144 0.84088916],6.0,0.38180214,0.1309502124786377
29,[0.13785505 0.33268496 0.3087737  0.51930374],7.0,0.99582505,0.1309502124786377
29,[0.2897398  0.27060777 0.541603   0.73468775],7.0,0.95608115,0.1309502124786377
29,[0.00557283 0.41738182 0.17037529 0.6991523 ],7.0,0.94646305,0.1309502124786377
29,[0.77198195 0.58070743 0.9788672  0.83374226],7.0,0.6220801,0.1309502124786377
29,[0.21745455 0.31199783 0.33031827 0.49925214],7.0,0.61626583,0.1309502124786377
29,[0.44638667 0.25369957 0.5291653  0.4724798 ],7.0,0.36388645,0.1309502124786377
29,[0.37066793 0.7514113  0.9298879  1.106599  ],9.0,0.8096201,0.1309502124786377
29,[0.29697025 0.34240478 0.52453077 0.7049702 ],9.0,0.43732202,0.1309502124786377
29,[0.02670271 0.58057463 0.19429868 1.1121868 ],9.0,0.31751773,0.1309502124786377
29,[0.5496566 0.304737  0.642542  0.6201621],15.0,0.8495979,0.1309502124786377
29,[0.0928755  0.30071568 0.12520318 0.39403075],15.0,0.41672945,0.1309502124786377
29,[0.6872627  0.3617654  0.85628563 0.62117326],18.0,0.37809023,0.1309502124786377
30,[0.7171644  0.5666846  0.9724709  0.81432307],6.0,0.584521,0.1171882152557373
30,[0.14197582 0.33269408 0.30668512 0.51956344],7.0,0.9900926,0.1171882152557373
30,[0.2906285  0.2677511  0.54041994 0.73787344],7.0,0.9780765,0.1171882152557373
30,[0.00632466 0.41525838 0.17173299 0.69686806],7.0,0.97253764,0.1171882152557373
30,[0.22126736 0.3128281  0.33024368 0.5030412 ],7.0,0.61187863,0.1171882152557373
30,[0.44332737 0.24727286 0.530199   0.46981138],7.0,0.4263203,0.1171882152557373
30,[0.6820086  0.36050874 0.85992324 0.6393686 ],7.0,0.40341094,0.1171882152557373
30,[0.37740836 0.7330418  0.9225733  1.1056256 ],9.0,0.8716686,0.1171882152557373
30,[0.03484515 0.8598706  0.137107   1.0021499 ],9.0,0.36729965,0.1171882152557373
30,[0.02525594 0.5835541  0.19789705 1.1065214 ],9.0,0.3646881,0.1171882152557373
30,[0.3165573  0.6619122  0.72247744 1.0080581 ],9.0,0.32945746,0.1171882152557373
30,[0.5538103  0.30201215 0.6438802  0.61665606],15.0,0.8434081,0.1171882152557373
30,[0.09500946 0.30553335 0.12515253 0.39297628],15.0,0.4189573,0.1171882152557373
30,[0.61995625 0.2965159  0.72709465 0.42300126],18.0,0.33142975,0.1171882152557373
31,[0.14666149 0.32850915 0.3134184  0.5186855 ],7.0,0.9933082,0.13305258750915527
31,[0.00862788 0.40496618 0.1857264  0.6936998 ],7.0,0.9763282,0.13305258750915527
31,[0.2941238  0.26516366 0.54474103 0.7521831 ],7.0,0.95770043,0.13305258750915527
31,[0.22131205 0.3104881  0.329845   0.4436115 ],7.0,0.3910854,0.13305258750915527
31,[0.3665106 0.7369911 0.8546858 1.1116427],9.0,0.57725424,0.13305258750915527
31,[0.02663743 0.5842581  0.19710259 1.1092716 ],9.0,0.53185564,0.13305258750915527
31,[0.13096517 0.6455501  0.6601038  1.1141676 ],9.0,0.5288518,0.13305258750915527
31,[0.3054747  0.2764551  0.54133254 0.7662725 ],9.0,0.5124312,0.13305258750915527
31,[0.03716736 0.85855895 0.13729326 0.9980133 ],9.0,0.3046253,0.13305258750915527
31,[0.556723   0.27892208 0.6435188  0.5954738 ],15.0,0.83181745,0.13305258750915527
31,[0.0992048  0.29759997 0.12860672 0.38824207],15.0,0.35458636,0.13305258750915527
32,[0.00864425 0.40424794 0.1894952  0.6819492 ],7.0,0.980127,0.11643290519714355
32,[0.29720142 0.26542458 0.53886443 0.7536527 ],7.0,0.97938216,0.11643290519714355
32,[0.15268394 0.33211386 0.30744687 0.5162373 ],7.0,0.96652126,0.11643290519714355
32,[0.24334879 0.31220847 0.33392337 0.506598  ],7.0,0.5862291,0.11643290519714355
32,[0.8422422  0.2570771  0.939722   0.41641867],7.0,0.5840861,0.11643290519714355
32,[0.6153586 0.3049497 0.705215  0.4938118],7.0,0.41588336,0.11643290519714355
32,[0.7286717 0.5501752 0.9625092 0.8013599],7.0,0.40838194,0.11643290519714355
32,[0.6872881  0.34736377 0.86221915 0.60132307],7.0,0.3962349,0.11643290519714355
32,[0.4512635  0.2552077  0.5347164  0.44918445],7.0,0.33803907,0.11643290519714355
32,[0.374319   0.7298801  0.83924973 1.1134477 ],9.0,0.8089319,0.11643290519714355
32,[0.02514698 0.5830579  0.20191625 1.1173966 ],9.0,0.5760143,0.11643290519714355
32,[0.31169298 0.6550131  0.67905533 1.0119808 ],9.0,0.39924958,0.11643290519714355
32,[0.03664576 0.8588588  0.13850552 0.9976423 ],9.0,0.3574686,0.11643290519714355
32,[0.3035522  0.27803677 0.53587765 0.7443417 ],9.0,0.3046439,0.11643290519714355
32,[0.55761343 0.27866715 0.64738196 0.5945965 ],15.0,0.7828891,0.11643290519714355
32,[0.10197169 0.30124092 0.12894422 0.38760632],15.0,0.42386335,0.11643290519714355
33,[0.00834448 0.40433    0.19078395 0.6797589 ],7.0,0.98114634,0.12991929054260254
33,[0.15207553 0.33261174 0.30944544 0.5175732 ],7.0,0.97260463,0.12991929054260254
33,[0.29766124 0.266078   0.5427142  0.7558546 ],7.0,0.9682399,0.12991929054260254
33,[0.72274053 0.5449654  0.96682394 0.8027396 ],7.0,0.5301395,0.12991929054260254
33,[0.8441347  0.25782982 0.9399768  0.4155747 ],7.0,0.517749,0.12991929054260254
33,[0.24269868 0.3119771  0.33431575 0.504775  ],7.0,0.48302,0.12991929054260254
33,[0.6154583  0.30396944 0.7056082  0.49463928],7.0,0.39295357,0.12991929054260254
33,[0.36896083 0.72671366 0.86222327 1.1169064 ],9.0,0.85801154,0.12991929054260254
33,[0.02611958 0.58142257 0.19765699 1.115878  ],9.0,0.5780766,0.12991929054260254
33,[0.3056798 0.2802743 0.5365692 0.7492471],9.0,0.55204284,0.12991929054260254
33,[0.29712838 0.65278274 0.7097145  1.0186527 ],9.0,0.41197294,0.12991929054260254
33,[0.03418409 0.8588471  0.13861638 0.9983581 ],9.0,0.38767558,0.12991929054260254
33,[0.55778545 0.28740704 0.6463453  0.58843684],15.0,0.74509126,0.12991929054260254
33,[0.10227968 0.30099913 0.12882945 0.38738373],15.0,0.4441721,0.12991929054260254
34,[0.00767811 0.4030906  0.1946894  0.686525  ],7.0,0.99349,0.11733222007751465
34,[0.15238687 0.3334676  0.31557825 0.5192338 ],7.0,0.9886331,0.11733222007751465
34,[0.30329078 0.269211   0.54229707 0.76307887],7.0,0.94530714,0.11733222007751465
34,[0.6884327  0.35256168 0.8606188  0.6005483 ],7.0,0.8431525,0.11733222007751465
34,[0.83927816 0.2576208  0.94003564 0.4219327 ],7.0,0.8013792,0.11733222007751465
34,[0.6144889 0.3019151 0.7057436 0.4937964],7.0,0.6359197,0.11733222007751465
34,[0.4488661  0.2587179  0.5367014  0.45185935],7.0,0.5530257,0.11733222007751465
34,[0.37744224 0.7240579  0.841524   1.1059948 ],9.0,0.83386195,0.11733222007751465
34,[0.3109681  0.6458369  0.67017406 1.0061498 ],9.0,0.5664026,0.11733222007751465
34,[0.30532947 0.28209993 0.54272    0.74318206],9.0,0.39063734,0.11733222007751465
34,[0.02691638 0.58904403 0.20034796 1.114944  ],9.0,0.35808957,0.11733222007751465
34,[0.5579095  0.2846123  0.64537036 0.60300785],15.0,0.75151116,0.11733222007751465
34,[0.10004503 0.3078518  0.12885661 0.38560873],15.0,0.45598888,0.11733222007751465
35,[0.841038   0.2598552  0.9408438  0.42443818],6.0,0.7631135,0.12811970710754395
35,[0.00805508 0.40626097 0.19485348 0.67560315],7.0,0.99184424,0.12811970710754395
35,[0.15616319 0.34205532 0.30949724 0.5221438 ],7.0,0.97737586,0.12811970710754395
35,[0.3037892  0.26808572 0.5401281  0.75627744],7.0,0.92712957,0.12811970710754395
35,[0.68990064 0.35092938 0.86245453 0.5936044 ],7.0,0.7570257,0.12811970710754395
35,[0.6159864  0.3012931  0.714138   0.48738274],7.0,0.58913743,0.12811970710754395
35,[0.4498475  0.2591229  0.54013085 0.44898814],7.0,0.5266235,0.12811970710754395
35,[0.25734603 0.3144381  0.33850604 0.50206697],7.0,0.39432934,0.12811970710754395
35,[0.8427681  0.25935125 0.9407104  0.42602724],7.0,0.33393687,0.12811970710754395
35,[0.308371   0.28140867 0.5386602  0.7402729 ],9.0,0.8119324,0.12811970710754395
35,[0.3227226  0.6546708  0.6602581  0.99548906],9.0,0.565776,0.12811970710754395
35,[0.37962413 0.7350941  0.8320075  1.1065962 ],9.0,0.48775816,0.12811970710754395
35,[0.55957866 0.2884522  0.6449672  0.6012798 ],15.0,0.7387812,0.12811970710754395
35,[0.10124137 0.30657655 0.12985109 0.38643342],15.0,0.42910346,0.12811970710754395
36,[0.00776403 0.4106899  0.20304587 0.67096037],7.0,0.9941962,0.12418961524963379
36,[0.16021068 0.34635872 0.31143165 0.5255121 ],7.0,0.95150834,0.12418961524963379
36,[0.30377355 0.28265306 0.5396297  0.7270707 ],7.0,0.9473273,0.12418961524963379
36,[0.4500013  0.2665283  0.54337615 0.4512629 ],7.0,0.7501831,0.12418961524963379
36,[0.7002619  0.5464071  0.9448784  0.81239414],7.0,0.608941,0.12418961524963379
36,[0.84432405 0.26800323 0.9412666  0.42782098],7.0,0.46081105,0.12418961524963379
36,[0.25398436 0.32498348 0.33797958 0.50313306],7.0,0.45537648,0.12418961524963379
36,[0.6188472  0.30670282 0.7175525  0.485293  ],7.0,0.44488835,0.12418961524963379
36,[0.30697823 0.29585868 0.5431609  0.7190767 ],9.0,0.8088001,0.12418961524963379
36,[0.56015456 0.30590466 0.6444793  0.6024715 ],15.0,0.8906751,0.12418961524963379
37,[0.8433316  0.26813585 0.9416208  0.43238407],6.0,0.7864519,0.1344306468963623
37,[0.00863071 0.4071486  0.206788   0.65754366],7.0,0.99815756,0.1344306468963623
37,[0.30390805 0.28287536 0.53700554 0.73398286],7.0,0.88940066,0.1344306468963623
37,[0.16611025 0.34848654 0.31233963 0.5268879 ],7.0,0.85141134,0.1344306468963623
37,[0.6178843  0.30492398 0.7212007  0.48881772],7.0,0.63889194,0.1344306468963623
37,[0.46385697 0.2633893  0.5452122  0.45135826],7.0,0.554592,0.1344306468963623
37,[0.84647757 0.26774433 0.94297355 0.4320337 ],7.0,0.4931182,0.1344306468963623
37,[0.25934753 0.3310248  0.3388789  0.5037243 ],7.0,0.44642648,0.1344306468963623
37,[0.33112347 0.28275782 0.5125046  0.53525084],7.0,0.39097688,0.1344306468963623
37,[0.3079966 0.2923785 0.547364  0.7484041],9.0,0.33590877,0.1344306468963623
37,[0.55883586 0.30317974 0.6439278  0.60017467],15.0,0.8599817,0.1344306468963623
38,[0.8436632  0.2686275  0.9416281  0.43220755],6.0,0.79613465,0.13639211654663086
38,[0.00872305 0.40785402 0.205754   0.66290754],7.0,0.99837935,0.13639211654663086
38,[0.16512667 0.34937635 0.3127942  0.52670395],7.0,0.87538165,0.13639211654663086
38,[0.2990482  0.28425378 0.53594995 0.72940415],7.0,0.8513409,0.13639211654663086
38,[0.46491906 0.2647404  0.5451242  0.45010614],7.0,0.61185694,0.13639211654663086
38,[0.6186029  0.30520117 0.72219753 0.48932552],7.0,0.5000185,0.13639211654663086
38,[0.8459688  0.26804802 0.9424502  0.43331364],7.0,0.49443442,0.13639211654663086
38,[0.2473301  0.3283781  0.34077075 0.4999059 ],7.0,0.43295276,0.13639211654663086
38,[0.32872283 0.28562945 0.5094597  0.5411717 ],7.0,0.34874582,0.13639211654663086
38,[0.30713677 0.29219878 0.5461525  0.74058163],9.0,0.577319,0.13639211654663086
38,[0.5598581  0.30336636 0.6446613  0.60034984],15.0,0.8372836,0.13639211654663086
39,[0.84790546 0.2732525  0.9388847  0.43243647],6.0,0.81118834,0.128173828125
39,[0.01059975 0.4091453  0.20754749 0.6801334 ],7.0,0.9970084,0.128173828125
39,[0.31121534 0.28503907 0.5319898  0.73842275],7.0,0.9223889,0.128173828125
39,[0.15625736 0.33420753 0.28854552 0.5140716 ],7.0,0.9082929,0.128173828125
39,[0.6148465  0.30941683 0.7066266  0.50019014],7.0,0.792916,0.128173828125
39,[0.2527816  0.3326137  0.33671358 0.5051166 ],7.0,0.6245636,0.128173828125
39,[0.7016891  0.54635537 0.93535316 0.82054937],7.0,0.6052059,0.128173828125
39,[0.46716052 0.26518413 0.5448614  0.4728662 ],7.0,0.52680016,0.128173828125
39,[0.69442916 0.35091186 0.85869527 0.57892877],7.0,0.49864525,0.128173828125
39,[0.5592216  0.30075634 0.6431798  0.595036  ],15.0,0.50571936,0.128173828125
39,[0.10297855 0.3237205  0.12979418 0.39078242],15.0,0.3065888,0.128173828125
40,[0.84687865 0.2717787  0.93593395 0.43435788],6.0,0.8798573,0.13150930404663086
40,[0.31224024 0.30028874 0.54293406 0.7510801 ],7.0,0.99199426,0.13150930404663086
40,[0.00847732 0.40947014 0.20324077 0.6952532 ],7.0,0.991859,0.13150930404663086
40,[0.6796512  0.55078655 0.92833775 0.817434  ],7.0,0.94480896,0.13150930404663086
40,[0.15251917 0.3362208  0.28843144 0.5219343 ],7.0,0.8649663,0.13150930404663086
40,[0.24620712 0.33095172 0.3345347  0.5024897 ],7.0,0.80426264,0.13150930404663086
40,[0.6084196  0.3143559  0.70552355 0.49951315],7.0,0.6263465,0.13150930404663086
40,[0.33894157 0.6406343  0.6426745  1.005067  ],9.0,0.66275203,0.13150930404663086
40,[0.39872074 0.70034575 0.770784   1.0876932 ],9.0,0.41151664,0.13150930404663086
40,[0.5600858 0.2988915 0.6410191 0.5996156],15.0,0.51504064,0.13150930404663086
40,[0.09863886 0.3246829  0.1261161  0.39146328],15.0,0.37080073,0.13150930404663086
41,[0.84467703 0.28662714 0.92919046 0.4486589 ],6.0,0.68912566,0.13953638076782227
41,[0.01218294 0.41802073 0.20667244 0.68507934],7.0,0.999624,0.13953638076782227
41,[0.30524606 0.3101148  0.5459914  0.7871149 ],7.0,0.96932876,0.13953638076782227
41,[0.16865529 0.36947322 0.3064313  0.55161256],7.0,0.9242192,0.13953638076782227
41,[0.60293406 0.3293349  0.70663244 0.515372  ],7.0,0.8190385,0.13953638076782227
41,[0.6735812  0.54136956 0.92283195 0.8347789 ],7.0,0.78268206,0.13953638076782227
41,[0.24707887 0.33993506 0.332822   0.5195748 ],7.0,0.4677548,0.13953638076782227
41,[0.30967936 0.38895977 0.5488455  0.8128625 ],9.0,0.5248833,0.13953638076782227
41,[0.5561934  0.32975638 0.63448244 0.60126513],15.0,0.6870704,0.13953638076782227
42,[0.84256685 0.29624307 0.92790973 0.4615792 ],6.0,0.6960505,0.1290130615234375
42,[0.01101231 0.42214036 0.2060999  0.69308007],7.0,0.99965715,0.1290130615234375
42,[0.3055821  0.3158546  0.542445   0.80087227],7.0,0.97969925,0.1290130615234375
42,[0.16739306 0.38101244 0.30362856 0.5589414 ],7.0,0.9382602,0.1290130615234375
42,[0.60508657 0.33887085 0.70775664 0.5186094 ],7.0,0.8868274,0.1290130615234375
42,[0.67024523 0.48376316 0.9180848  0.83491963],7.0,0.7715846,0.1290130615234375
42,[0.44885737 0.29124758 0.5371791  0.50861764],7.0,0.41339147,0.1290130615234375
42,[0.24516834 0.35596097 0.3363331  0.5202697 ],7.0,0.3717992,0.1290130615234375
42,[0.6511611  0.35663188 0.79569876 0.5423687 ],7.0,0.356667,0.1290130615234375
42,[0.30958855 0.3862494  0.54659283 0.8421843 ],9.0,0.4028069,0.1290130615234375
42,[0.53759444 0.2968345  0.6149818  0.59483325],15.0,0.7005199,0.1290130615234375
43,[0.84262073 0.2961472  0.92938006 0.4605508 ],6.0,0.80017465,0.11878061294555664
43,[0.0107563  0.42137355 0.20542452 0.6946426 ],7.0,0.99948275,0.11878061294555664
43,[0.3048135  0.31154627 0.5446088  0.80286735],7.0,0.9616322,0.11878061294555664
43,[0.16666201 0.38028997 0.30380565 0.5591414 ],7.0,0.9501013,0.11878061294555664
43,[0.60725    0.33912873 0.70796776 0.5164275 ],7.0,0.91183513,0.11878061294555664
43,[0.66396755 0.47170356 0.91974264 0.8415345 ],7.0,0.7090221,0.11878061294555664
43,[0.24445164 0.35586718 0.33673054 0.5250834 ],7.0,0.3650784,0.11878061294555664
43,[0.45112008 0.29168046 0.5369207  0.5068163 ],7.0,0.33322266,0.11878061294555664
43,[0.536144   0.3006562  0.61567175 0.59570086],15.0,0.7337644,0.11878061294555664
44,[0.84354496 0.30137855 0.9325776  0.465151  ],6.0,0.596506,0.13147211074829102
44,[0.01347412 0.43009257 0.20543723 0.7049824 ],7.0,0.9969272,0.13147211074829102
44,[0.16550791 0.38330495 0.30323517 0.56266135],7.0,0.9558781,0.13147211074829102
44,[0.3038037  0.31914926 0.55539155 0.8270111 ],7.0,0.9368898,0.13147211074829102
44,[0.6066342  0.34167445 0.7142288  0.5189283 ],7.0,0.8434281,0.13147211074829102
44,[0.65697634 0.38316387 0.9303911  0.8656468 ],7.0,0.7889138,0.13147211074829102
44,[0.24497621 0.36348492 0.33638644 0.5310014 ],7.0,0.58167946,0.13147211074829102
44,[0.6271215 0.3681042 0.7683609 0.5448965],7.0,0.39293462,0.13147211074829102
44,[0.53736645 0.30688876 0.61401707 0.60010153],15.0,0.6002904,0.13147211074829102
45,[0.16767964 0.38545772 0.31242248 0.57167923],7.0,0.9945123,0.13335919380187988
45,[0.01310524 0.43543965 0.21110673 0.71189755],7.0,0.9914415,0.13335919380187988
45,[0.29844826 0.3236067  0.5478215  0.82708347],7.0,0.9224213,0.13335919380187988
45,[0.65514123 0.4086048  0.914577   0.8523622 ],7.0,0.6563508,0.13335919380187988
45,[0.60319966 0.36533424 0.69114083 0.5373186 ],7.0,0.55386424,0.13335919380187988
45,[0.5539422  0.34507942 0.633993   0.6166637 ],15.0,0.6425706,0.13335919380187988
45,[0.09258424 0.3598753  0.12217491 0.42387608],15.0,0.3113867,0.13335919380187988
45,[0.01544515 0.35096538 0.04286657 0.48926014],15.0,0.30842543,0.13335919380187988
46,[0.83978575 0.32070512 0.9270074  0.48212183],6.0,0.6166321,0.11802506446838379
46,[0.01204514 0.43816802 0.21505791 0.70679784],7.0,0.99924684,0.11802506446838379
46,[0.1668815  0.39545065 0.3147922  0.57573396],7.0,0.9910614,0.11802506446838379
46,[0.29371917 0.3304658  0.5482761  0.82659745],7.0,0.9028118,0.11802506446838379
46,[0.7141522  0.4657669  0.96866107 0.91722596],7.0,0.87860566,0.11802506446838379
46,[0.6001963  0.36461505 0.71022886 0.53938615],7.0,0.5833782,0.11802506446838379
46,[0.6239388  0.3779206  0.77191865 0.56421965],7.0,0.5478648,0.11802506446838379
46,[0.5393435  0.33090383 0.6144086  0.60716546],15.0,0.61536753,0.11802506446838379
46,[0.01446045 0.3513253  0.04333477 0.49262115],15.0,0.36170125,0.11802506446838379
47,[0.83946157 0.3229028  0.9265963  0.4844911 ],6.0,0.82976264,0.12466955184936523
47,[0.01058888 0.44151753 0.21673986 0.70375794],7.0,0.9992368,0.12466955184936523
47,[0.30392855 0.3337718  0.5521552  0.8138846 ],7.0,0.9878014,0.12466955184936523
47,[0.16444394 0.38443625 0.29683954 0.5609072 ],7.0,0.94967633,0.12466955184936523
47,[0.60427725 0.36713827 0.7137536  0.5402271 ],7.0,0.84108067,0.12466955184936523
47,[0.65374583 0.40939716 0.9107235  0.85718405],7.0,0.7773407,0.12466955184936523
47,[0.260175   0.3700953  0.34329855 0.5037509 ],7.0,0.6383528,0.12466955184936523
47,[0.63455576 0.37083238 0.7797701  0.5701511 ],7.0,0.32711628,0.12466955184936523
47,[0.5427874  0.33536673 0.6154297  0.6082772 ],15.0,0.79473346,0.12466955184936523
48,[0.8401867  0.3236717  0.9275507  0.48234016],6.0,0.4427534,0.1270432472229004
48,[0.0122467  0.44152564 0.21617053 0.7054898 ],7.0,0.99904615,0.1270432472229004
48,[0.16423298 0.38470703 0.29797423 0.5580775 ],7.0,0.9477841,0.1270432472229004
48,[0.30093068 0.33512658 0.5504611  0.8199536 ],7.0,0.8813558,0.1270432472229004
48,[0.62623537 0.3736102  0.77637386 0.55711234],7.0,0.7608243,0.1270432472229004
48,[0.60538286 0.36504376 0.71387786 0.5352873 ],7.0,0.68717605,0.1270432472229004
48,[0.25890863 0.37167662 0.34248704 0.50243473],7.0,0.51090187,0.1270432472229004
48,[0.65410995 0.3794915  0.9277798  0.86403817],7.0,0.3379764,0.1270432472229004
48,[0.54258937 0.33725965 0.616697   0.60362715],15.0,0.7943558,0.1270432472229004
49,[0.8423393  0.31886244 0.92550933 0.48402548],6.0,0.40486422,0.131317138671875
49,[0.0135169  0.43768033 0.21838889 0.70356035],7.0,0.9986784,0.131317138671875
49,[0.16824886 0.38461596 0.2962439  0.56118804],7.0,0.97793466,0.131317138671875
49,[0.6058917  0.36342037 0.7086898  0.5344101 ],7.0,0.7955814,0.131317138671875
49,[0.28930348 0.33192313 0.57220745 0.82942104],7.0,0.6922681,0.131317138671875
49,[0.65130764 0.39834923 0.9120862  0.86559206],7.0,0.6080725,0.131317138671875
49,[0.2614845  0.37165573 0.34280092 0.49694827],7.0,0.54572904,0.131317138671875
49,[0.5428353  0.33159876 0.6184389  0.6007903 ],15.0,0.72537,0.131317138671875
50,[0.01521943 0.43825382 0.21761018 0.7020609 ],7.0,0.99971133,0.13055634498596191
50,[0.1726602  0.38470933 0.29762644 0.56053543],7.0,0.9892097,0.13055634498596191
50,[0.29070064 0.3339515  0.5792955  0.8180152 ],7.0,0.75450665,0.13055634498596191
50,[0.624593   0.37222466 0.7653562  0.55352044],7.0,0.72791004,0.13055634498596191
50,[0.65145063 0.40060252 0.90990627 0.86920935],7.0,0.61640453,0.13055634498596191
50,[0.26273417 0.37221238 0.34464955 0.5022366 ],7.0,0.44085935,0.13055634498596191
50,[0.54470116 0.33634934 0.61845356 0.6001283 ],15.0,0.74878,0.13055634498596191
51,[0.02397764 0.4371068  0.21806568 0.7005902 ],7.0,0.9992306,0.13330769538879395
51,[0.17569828 0.38677827 0.3010975  0.55601037],7.0,0.993651,0.13330769538879395
51,[0.6434367  0.4252121  0.90038836 0.86886793],7.0,0.8515653,0.13330769538879395
51,[0.28058255 0.3277525  0.57423335 0.8210598 ],7.0,0.82757926,0.13330769538879395
51,[0.61410123 0.3675671  0.7105083  0.5348604 ],7.0,0.47906318,0.13330769538879395
51,[0.63996065 0.37489325 0.7989607  0.5528753 ],7.0,0.40835482,0.13330769538879395
51,[0.5448623  0.33506468 0.62026906 0.60006785],15.0,0.7225178,0.13330769538879395
52,[0.03625973 0.43811202 0.2242844  0.6972822 ],7.0,0.99592066,0.1331489086151123
52,[0.18331116 0.3881075  0.3072049  0.5588562 ],7.0,0.9935121,0.1331489086151123
52,[0.28623772 0.3339836  0.57909167 0.817794  ],7.0,0.9217183,0.1331489086151123
52,[0.64348817 0.4685561  0.8963326  0.87143713],7.0,0.8900621,0.1331489086151123
52,[0.46900398 0.3153513  0.5448641  0.49437827],7.0,0.31215543,0.1331489086151123
52,[0.5494581  0.3499778  0.62018067 0.5972948 ],15.0,0.3019379,0.1331489086151123
53,[0.8440473  0.33294758 0.93466115 0.48870024],6.0,0.5793186,0.12704682350158691
53,[0.04208307 0.43940067 0.225134   0.69207144],7.0,0.99837494,0.12704682350158691
53,[0.18608284 0.38837197 0.3068384  0.5538824 ],7.0,0.9917641,0.12704682350158691
53,[0.3009561  0.52165693 0.56030273 0.8155425 ],7.0,0.94500667,0.12704682350158691
53,[0.6413836  0.49133146 0.8790559  0.8727504 ],7.0,0.9427827,0.12704682350158691
53,[0.5478126  0.35223725 0.6240035  0.5896887 ],15.0,0.32690525,0.12704682350158691
54,[0.84613883 0.33403385 0.9347589  0.4886613 ],6.0,0.66898483,0.1331188678741455
54,[0.0454202  0.4376575  0.22267607 0.6882763 ],7.0,0.9989472,0.1331188678741455
54,[0.18582684 0.3884339  0.30702427 0.5524366 ],7.0,0.99156123,0.1331188678741455
54,[0.64025307 0.475497   0.87802243 0.87323284],7.0,0.95295906,0.1331188678741455
54,[0.2984879  0.5153984  0.55859625 0.8150667 ],7.0,0.9212849,0.1331188678741455
54,[0.61718136 0.36895567 0.7048268  0.53516823],7.0,0.33486387,0.1331188678741455
55,[0.84679556 0.33347386 0.9354496  0.48959965],6.0,0.86301494,0.12980151176452637
55,[0.03327985 0.43260747 0.22990136 0.6888502 ],7.0,0.9991658,0.12980151176452637
55,[0.64141786 0.47612578 0.88142824 0.87440914],7.0,0.98609716,0.12980151176452637
55,[0.18860435 0.3882361  0.30879754 0.5467445 ],7.0,0.971339,0.12980151176452637
55,[0.3019977  0.6176559  0.5524241  0.82803273],7.0,0.70342445,0.12980151176452637
55,[0.28274286 0.33864164 0.5680133  0.8083749 ],7.0,0.45290208,0.12980151176452637
55,[0.5480362  0.3564134  0.6249404  0.59152997],15.0,0.42093396,0.12980151176452637
56,[0.84484416 0.332497   0.93688387 0.48897457],6.0,0.6660074,0.13199424743652344
56,[0.04326703 0.4308007  0.23800775 0.679279  ],7.0,0.9998012,0.13199424743652344
56,[0.29147953 0.5329229  0.55457866 0.824246  ],7.0,0.972471,0.13199424743652344
56,[0.18786481 0.3839738  0.31445184 0.539726  ],7.0,0.95862323,0.13199424743652344
56,[0.63875246 0.46506244 0.882784   0.8718541 ],7.0,0.7573584,0.13199424743652344
56,[0.5499163  0.3503409  0.6232863  0.58862376],15.0,0.4791018,0.13199424743652344
57,[0.8513125  0.3343646  0.93809605 0.4894207 ],6.0,0.90017545,0.12450933456420898
57,[0.04948722 0.42781433 0.24139862 0.678251  ],7.0,0.99964476,0.12450933456420898
57,[0.19546379 0.3853384  0.3183744  0.5427989 ],7.0,0.9857226,0.12450933456420898
57,[0.29047197 0.5547348  0.5532431  0.82335746],7.0,0.96689034,0.12450933456420898
57,[0.63732725 0.39758474 0.87108237 0.8749606 ],7.0,0.90605336,0.12450933456420898
57,[0.7013711  0.46518773 0.953555   0.9172645 ],7.0,0.41410282,0.12450933456420898
57,[0.61837155 0.36477038 0.721484   0.501966  ],7.0,0.34865418,0.12450933456420898
57,[0.54913473 0.351503   0.62383664 0.58467805],15.0,0.50625366,0.12450933456420898
58,[0.85043633 0.32854995 0.93797827 0.48730806],6.0,0.64747715,0.12077999114990234
58,[0.052595   0.42652243 0.24356914 0.6775654 ],7.0,0.99985087,0.12077999114990234
58,[0.19764955 0.3852351  0.32004726 0.5454395 ],7.0,0.9850101,0.12077999114990234
58,[0.28722882 0.54409873 0.55391526 0.823362  ],7.0,0.946931,0.12077999114990234
58,[0.637458   0.39482766 0.8710894  0.8675801 ],7.0,0.8586728,0.12077999114990234
58,[0.6175595  0.36598015 0.7160004  0.5129849 ],7.0,0.39334473,0.12077999114990234
58,[0.5496486  0.34903362 0.625439   0.5853669 ],15.0,0.53983325,0.12077999114990234
59,[0.8482694  0.32900473 0.9371864  0.48731175],6.0,0.7418759,0.1279134750366211
59,[0.052313   0.42644244 0.24421883 0.6771371 ],7.0,0.99986386,0.1279134750366211
59,[0.19819623 0.3851862  0.32021856 0.5467009 ],7.0,0.9863275,0.1279134750366211
59,[0.28059435 0.5501312  0.5549222  0.8245715 ],7.0,0.9584404,0.1279134750366211
59,[0.6390544 0.4001779 0.8687761 0.8659503],7.0,0.8833767,0.1279134750366211
59,[0.703982   0.46691698 0.944816   0.9163546 ],7.0,0.38403088,0.1279134750366211
59,[0.6180564  0.36414835 0.72874725 0.49969545],7.0,0.34335357,0.1279134750366211
59,[0.54946506 0.34852523 0.6279185  0.58563733],15.0,0.59656125,0.1279134750366211
60,[0.84939283 0.32820863 0.93551475 0.48817247],6.0,0.44680732,0.13401436805725098
60,[0.20110525 0.3869897  0.31791443 0.53661174],7.0,0.99670404,0.13401436805725098
60,[0.05751682 0.42540896 0.24429071 0.67551637],7.0,0.94523555,0.13401436805725098
60,[0.2776792  0.5159629  0.5542242  0.81892604],7.0,0.9168133,0.13401436805725098
60,[0.61967367 0.3634393  0.7246854  0.49395666],7.0,0.34993866,0.13401436805725098
60,[0.6417068  0.39550024 0.8717197  0.84929293],7.0,0.34880832,0.13401436805725098
60,[0.55017495 0.3529347  0.62872946 0.5810436 ],15.0,0.5915023,0.13401436805725098
61,[0.8542224  0.33261496 0.94309914 0.48595393],6.0,0.465967,0.1324470043182373
61,[0.06182111 0.4227782  0.24641368 0.6734738 ],7.0,0.99966943,0.1324470043182373
61,[0.296273  0.597615  0.5508664 0.8147156],7.0,0.9971501,0.1324470043182373
61,[0.20478973 0.3822001  0.32563934 0.53623503],7.0,0.99619544,0.1324470043182373
61,[0.6456416  0.4501835  0.86327404 0.8399184 ],7.0,0.9558883,0.1324470043182373
61,[0.2943726  0.34601024 0.56105626 0.82255244],7.0,0.8549815,0.1324470043182373
61,[0.48526686 0.3451456  0.5587626  0.50230944],7.0,0.4725773,0.1324470043182373
61,[0.55566895 0.35189378 0.63486135 0.5600591 ],15.0,0.45904365,0.1324470043182373
62,[0.8543463  0.33274245 0.9395728  0.48540723],6.0,0.34474227,0.13322997093200684
62,[0.06394291 0.42091566 0.25351515 0.67074853],7.0,0.9998995,0.13322997093200684
62,[0.20639423 0.38385957 0.3287054  0.5420358 ],7.0,0.9958818,0.13322997093200684
62,[0.64682466 0.4358387  0.866105   0.8365983 ],7.0,0.94678074,0.13322997093200684
62,[0.3114378  0.3576969  0.54550916 0.735754  ],7.0,0.85531414,0.13322997093200684
62,[0.2882045  0.5352955  0.5435953  0.80243635],7.0,0.5516439,0.13322997093200684
62,[0.4821006  0.34767392 0.5563215  0.50377214],7.0,0.495167,0.13322997093200684
62,[0.55067384 0.35386348 0.63366985 0.56633186],15.0,0.34125677,0.13322997093200684
63,[0.8533167  0.33235264 0.93924457 0.48767358],6.0,0.504946,0.1232767105102539
63,[0.06591702 0.41997322 0.25371    0.66763157],7.0,0.9998976,0.1232767105102539
63,[0.20952494 0.3786366  0.32821664 0.53909606],7.0,0.9944266,0.1232767105102539
63,[0.6485021  0.47908905 0.8665581  0.83730805],7.0,0.9337226,0.1232767105102539
63,[0.29497555 0.5405827  0.54522157 0.8069522 ],7.0,0.763483,0.1232767105102539
63,[0.47594976 0.3331856  0.5557667  0.50016165],7.0,0.5585908,0.1232767105102539
63,[0.33428133 0.33934927 0.53859276 0.7187047 ],7.0,0.42075133,0.1232767105102539
64,[0.8532789  0.33487815 0.9386666  0.4881081 ],6.0,0.46486878,0.11364221572875977
64,[0.06604541 0.420936   0.25399512 0.67011476],7.0,0.99978083,0.11364221572875977
64,[0.20890233 0.37837642 0.32859436 0.539627  ],7.0,0.99368334,0.11364221572875977
64,[0.64792496 0.49775612 0.86595756 0.83656764],7.0,0.97525555,0.11364221572875977
64,[0.29462707 0.5667859  0.5449665  0.8072584 ],7.0,0.9322122,0.11364221572875977
64,[0.30193952 0.3571931  0.54259765 0.7717451 ],7.0,0.4879691,0.11364221572875977
64,[0.4769548  0.3332748  0.55440736 0.50165856],7.0,0.44362122,0.11364221572875977
65,[0.8540803  0.33224577 0.9379538  0.48916477],6.0,0.82106256,0.11945772171020508
65,[0.06930555 0.41854426 0.2536503  0.6646384 ],7.0,0.999902,0.11945772171020508
65,[0.21038494 0.37890866 0.32713524 0.5332679 ],7.0,0.9963109,0.11945772171020508
65,[0.64466023 0.5022197  0.8629978  0.83316946],7.0,0.9384346,0.11945772171020508
65,[0.29650703 0.5749022  0.5421794  0.8042592 ],7.0,0.9357266,0.11945772171020508
65,[0.33064324 0.34542722 0.54550755 0.73565215],7.0,0.80113536,0.11945772171020508
65,[0.5522585  0.34062445 0.6279304  0.57745415],15.0,0.3383039,0.11945772171020508
66,[0.84742695 0.32878777 0.9326034  0.49121037],6.0,0.66930056,0.12536835670471191
66,[0.06632036 0.41519266 0.25104117 0.6569604 ],7.0,0.9999677,0.12536835670471191
66,[0.20920876 0.37644738 0.32503733 0.53078896],7.0,0.9965011,0.12536835670471191
66,[0.6486653  0.49992305 0.852195   0.81329304],7.0,0.63383096,0.12536835670471191
66,[0.26805526 0.57633895 0.5462724  0.7860734 ],7.0,0.45796448,0.12536835670471191
66,[0.84776926 0.3408715  0.92972815 0.49130225],7.0,0.30674648,0.12536835670471191
67,[0.84373873 0.32920235 0.9269938  0.4876777 ],6.0,0.59672636,0.12383127212524414
67,[0.06302296 0.41049019 0.24590634 0.65184295],7.0,0.9999653,0.12383127212524414
67,[0.2051748  0.3719113  0.31990993 0.5252672 ],7.0,0.9966037,0.12383127212524414
67,[0.33776376 0.32830828 0.53304875 0.7042168 ],7.0,0.45834693,0.12383127212524414
67,[0.63265675 0.4906994  0.85017246 0.81388557],7.0,0.33429122,0.12383127212524414
67,[0.2663314 0.7940362 0.6030978 1.0186739],9.0,0.8224681,0.12383127212524414
67,[0.13926893 0.65600234 0.64909047 1.1264746 ],9.0,0.3350488,0.12383127212524414
67,[0.5444821 0.3331489 0.6228298 0.5749451],15.0,0.66640216,0.12383127212524414
68,[0.05751568 0.40720996 0.24293515 0.6478497 ],7.0,0.9999596,0.12151741981506348
68,[0.20125213 0.36908412 0.3152689  0.5194453 ],7.0,0.9970716,0.12151741981506348
68,[0.32919323 0.32645124 0.5316235  0.69226784],7.0,0.86085635,0.12151741981506348
68,[0.24577385 0.56206083 0.515311   0.777385  ],7.0,0.6066188,0.12151741981506348
68,[0.62741655 0.37157568 0.84454995 0.7986438 ],7.0,0.43992263,0.12151741981506348
68,[0.25561637 0.7997409  0.5998938  1.0126213 ],9.0,0.9501573,0.12151741981506348
68,[0.16110177 0.65518916 0.62552655 1.121724  ],9.0,0.31721735,0.12151741981506348
68,[0.5397006  0.32955837 0.6148176  0.56505036],15.0,0.3122973,0.12151741981506348
69,[0.05746371 0.40805504 0.24264568 0.64862466],7.0,0.9999486,0.12759661674499512
69,[0.20127714 0.36885718 0.3152501  0.52040505],7.0,0.99726045,0.12759661674499512
69,[0.32494256 0.33099717 0.5294774  0.67822033],7.0,0.9544535,0.12759661674499512
69,[0.2505098  0.56026715 0.51179856 0.77159053],7.0,0.5649563,0.12759661674499512
69,[0.25818056 0.7981891  0.5960936  1.0133917 ],9.0,0.9082632,0.12759661674499512
69,[0.5409039  0.33133453 0.61387813 0.5616322 ],15.0,0.3547232,0.12759661674499512
70,[0.8291697  0.32631642 0.9178429  0.4785362 ],6.0,0.3469536,0.12890028953552246
70,[0.05523016 0.40182853 0.23826332 0.64427507],7.0,0.9998598,0.12890028953552246
70,[0.19730768 0.36531252 0.3123429  0.5131166 ],7.0,0.9714167,0.12890028953552246
70,[0.6204593  0.37103993 0.8387077  0.8003461 ],7.0,0.94977784,0.12890028953552246
70,[0.32495013 0.31793532 0.52571744 0.696931  ],7.0,0.8074278,0.12890028953552246
70,[0.25972036 0.5545851  0.5069614  0.76231384],7.0,0.79435796,0.12890028953552246
70,[0.655173   0.3699919  0.82701665 0.6151315 ],7.0,0.31262305,0.12890028953552246
70,[0.5379085  0.33514947 0.60931104 0.55108076],15.0,0.38848707,0.12890028953552246
71,[0.82303816 0.32161024 0.904429   0.47553584],6.0,0.6479704,0.1290442943572998
71,[0.04855655 0.3887348  0.23173083 0.6299004 ],7.0,0.9996681,0.1290442943572998
71,[0.18800491 0.3614766  0.3020845  0.497414  ],7.0,0.9893552,0.1290442943572998
71,[0.6148617  0.44860935 0.8140899  0.7708317 ],7.0,0.9717139,0.1290442943572998
71,[0.29887792 0.3294853  0.5066575  0.6674717 ],7.0,0.82087606,0.1290442943572998
71,[0.13234778 0.62195134 0.6280246  1.1184303 ],9.0,0.42312762,0.1290442943572998
71,[0.5185204 0.3253818 0.5940469 0.5339248],15.0,0.6090793,0.1290442943572998
72,[0.81392246 0.3081123  0.901102   0.4641069 ],6.0,0.6874477,0.11431598663330078
72,[0.04556219 0.3781054  0.22801274 0.6208497 ],7.0,0.9992766,0.11431598663330078
72,[0.60459346 0.44948512 0.80810946 0.75969356],7.0,0.9980642,0.11431598663330078
72,[0.1846933  0.34918892 0.30148673 0.49599266],7.0,0.9949803,0.11431598663330078
72,[0.2617793  0.5288141  0.48766708 0.728883  ],7.0,0.8838791,0.11431598663330078
72,[0.3141906  0.29900604 0.50255597 0.67514783],7.0,0.44777656,0.11431598663330078
72,[0.5163365  0.32692334 0.5964822  0.5369283 ],7.0,0.39371255,0.11431598663330078
72,[0.14750145 0.6171542  0.6223657  1.1039381 ],9.0,0.7377749,0.11431598663330078
72,[0.25833878 0.76516014 0.580796   1.0082628 ],9.0,0.52782714,0.11431598663330078
73,[0.04369193 0.36865148 0.22385132 0.61067164],7.0,0.99953413,0.12859392166137695
73,[0.18710086 0.33833975 0.29821315 0.48262984],7.0,0.99677354,0.12859392166137695
73,[0.60570514 0.40238294 0.80703485 0.7428824 ],7.0,0.97544867,0.12859392166137695
73,[0.2985844  0.3144459  0.50093323 0.64077526],7.0,0.9165306,0.12859392166137695
73,[0.25451955 0.49942055 0.48859182 0.7106168 ],7.0,0.66927737,0.12859392166137695
73,[0.51468855 0.30595514 0.59374756 0.5198965 ],7.0,0.6012524,0.12859392166137695
73,[0.57540464 0.3363642  0.64513016 0.46865624],7.0,0.58384115,0.12859392166137695
73,[0.6763662  0.32086986 0.80152166 0.45989376],7.0,0.54971564,0.12859392166137695
73,[0.81092095 0.3159898  0.895591   0.45055884],7.0,0.34615004,0.12859392166137695
73,[0.6423528  0.3449154  0.8061544  0.54582584],7.0,0.3456816,0.12859392166137695
73,[0.09185585 0.6107755  0.65159976 1.1251785 ],9.0,0.93968403,0.12859392166137695
73,[0.25006822 0.7602692  0.58452725 1.0114857 ],9.0,0.45634013,0.12859392166137695
74,[0.04296371 0.36764997 0.22303912 0.6111768 ],7.0,0.999686,0.1187734603881836
74,[0.18715677 0.3392832  0.29868627 0.48315033],7.0,0.99712616,0.1187734603881836
74,[0.6061548 0.4011379 0.8064563 0.7448618],7.0,0.98144066,0.1187734603881836
74,[0.298859   0.31223524 0.50274277 0.640936  ],7.0,0.83745104,0.1187734603881836
74,[0.5751502  0.3362487  0.645811   0.46878618],7.0,0.64307725,0.1187734603881836
74,[0.5144995  0.306245   0.594245   0.51984656],7.0,0.6425113,0.1187734603881836
74,[0.677436   0.32142395 0.8014449  0.46029192],7.0,0.4713983,0.1187734603881836
74,[0.6447539  0.34380382 0.81181186 0.5196    ],7.0,0.40029812,0.1187734603881836
74,[0.251235   0.4987272  0.48802215 0.7141516 ],7.0,0.38647616,0.1187734603881836
74,[0.81114185 0.3162653  0.89532316 0.4504672 ],7.0,0.34337896,0.1187734603881836
74,[0.09481955 0.6166997  0.6466355  1.1194698 ],9.0,0.892959,0.1187734603881836
74,[0.24687263 0.7583371  0.5821737  1.0115894 ],9.0,0.4187404,0.1187734603881836
75,[0.8182     0.2980967  0.89517534 0.44115373],6.0,0.30250463,0.12625575065612793
75,[0.04534244 0.35777098 0.2180703  0.6019652 ],7.0,0.99974376,0.12625575065612793
75,[0.18659413 0.33398306 0.30044445 0.47033685],7.0,0.99359506,0.12625575065612793
75,[0.60726863 0.41654265 0.8037111  0.7386856 ],7.0,0.97499204,0.12625575065612793
75,[0.29804507 0.3094122  0.5026202  0.63243103],7.0,0.8936729,0.12625575065612793
75,[0.2316681  0.4934774  0.49102002 0.7409751 ],7.0,0.4617227,0.12625575065612793
75,[0.57363194 0.32753512 0.64379865 0.4613047 ],7.0,0.45984638,0.12625575065612793
75,[0.6467729  0.33504346 0.8065855  0.5050347 ],7.0,0.36088705,0.12625575065612793
75,[0.6344492 0.3174483 0.7724274 0.4434177],7.0,0.31261516,0.12625575065612793
75,[0.52434903 0.32706985 0.6203216  0.4694861 ],7.0,0.3003667,0.12625575065612793
75,[0.09666979 0.6324987  0.6421392  1.1178967 ],9.0,0.5913564,0.12625575065612793
75,[0.516549   0.30064204 0.59146345 0.517086  ],15.0,0.733083,0.12625575065612793
76,[0.81166786 0.29194704 0.8939275  0.44153425],6.0,0.8765174,0.13538908958435059
76,[0.04902998 0.3525076  0.2309033  0.59146756],7.0,0.9996724,0.13538908958435059
76,[0.18809552 0.3267944  0.2983472  0.4676273 ],7.0,0.99293244,0.13538908958435059
76,[0.59958553 0.39570522 0.8029293  0.72715914],7.0,0.9700528,0.13538908958435059
76,[0.57261825 0.3211224  0.6455648  0.46118152],7.0,0.5986576,0.13538908958435059
76,[0.30468267 0.29549527 0.5057896  0.64271694],7.0,0.3501373,0.13538908958435059
76,[0.7205305  0.30857855 0.8018105  0.4472922 ],7.0,0.34494734,0.13538908958435059
76,[0.33535513 0.59508616 0.45886353 0.75574356],9.0,0.7969029,0.13538908958435059
76,[0.09101307 0.5993662  0.65751374 1.1118134 ],9.0,0.68689317,0.13538908958435059
76,[0.3357254  0.59487545 0.9092114  1.1091183 ],9.0,0.3194453,0.13538908958435059
77,[0.8098158  0.28338456 0.89197    0.43477184],6.0,0.90090215,0.13282036781311035
77,[0.03847159 0.3469905  0.22350608 0.5854865 ],7.0,0.9996909,0.13282036781311035
77,[0.18770014 0.32160464 0.29567006 0.46369675],7.0,0.99746585,0.13282036781311035
77,[0.597895   0.39716864 0.7990378  0.7088033 ],7.0,0.9761933,0.13282036781311035
77,[0.27493644 0.30009305 0.5057919  0.6147036 ],7.0,0.8836155,0.13282036781311035
77,[0.26129052 0.47438455 0.48676392 0.7277423 ],7.0,0.88232696,0.13282036781311035
77,[0.6447871  0.31735256 0.7959626  0.5076401 ],7.0,0.48655215,0.13282036781311035
77,[0.724006   0.30446866 0.8028942  0.4398971 ],7.0,0.3904179,0.13282036781311035
77,[0.5719233  0.31127548 0.6441217  0.43080246],7.0,0.333003,0.13282036781311035
77,[0.08882514 0.6010264  0.6532978  1.1028285 ],9.0,0.9130413,0.13282036781311035
77,[0.33396098 0.5917445  0.90942216 1.1125028 ],9.0,0.4401102,0.13282036781311035
77,[0.5142771  0.29522946 0.5840912  0.4949483 ],15.0,0.39634898,0.13282036781311035
78,[0.80748224 0.26567906 0.8929138  0.42799163],6.0,0.41568267,0.12332773208618164
78,[0.05248177 0.33919108 0.2242924  0.57004523],7.0,0.9991049,0.12332773208618164
78,[0.60009545 0.39050114 0.79672855 0.6993438 ],7.0,0.9958683,0.12332773208618164
78,[0.1874565  0.30878037 0.2969432  0.4455076 ],7.0,0.9921416,0.12332773208618164
78,[0.26585895 0.46570358 0.48105657 0.7395761 ],7.0,0.6607659,0.12332773208618164
78,[0.5729669  0.3073764  0.6424119  0.45978394],7.0,0.5957538,0.12332773208618164
78,[0.28710914 0.2901101  0.5067313  0.6227529 ],7.0,0.5102669,0.12332773208618164
78,[0.62755907 0.3104201  0.79847324 0.5283379 ],7.0,0.44756228,0.12332773208618164
78,[0.33279678 0.5949653  0.91240144 1.1111648 ],9.0,0.6439302,0.12332773208618164
78,[0.10035476 0.6003027  0.6316267  1.1091182 ],9.0,0.30673197,0.12332773208618164
78,[0.51534903 0.27058047 0.5827055  0.4805776 ],15.0,0.5497384,0.12332773208618164
79,[0.80715406 0.26655865 0.8926836  0.4284308 ],6.0,0.30214837,0.12061667442321777
79,[0.05117737 0.33754152 0.22316577 0.56976736],7.0,0.999126,0.12061667442321777
79,[0.5993278  0.38723516 0.79604995 0.69946015],7.0,0.9962239,0.12061667442321777
79,[0.1857644  0.30885503 0.2986987  0.4513518 ],7.0,0.9902034,0.12061667442321777
79,[0.26434577 0.47148538 0.48081553 0.7353157 ],7.0,0.74447775,0.12061667442321777
79,[0.5733072  0.30765414 0.6430753  0.45866835],7.0,0.64998627,0.12061667442321777
79,[0.2863757 0.28828   0.5056949 0.624204 ],7.0,0.60739714,0.12061667442321777
79,[0.62396884 0.31131318 0.7978915  0.533314  ],7.0,0.3775265,0.12061667442321777
79,[0.33750334 0.59239614 0.9152466  1.1139107 ],9.0,0.606266,0.12061667442321777
79,[0.51542926 0.27666903 0.5817636  0.4847541 ],15.0,0.5624337,0.12061667442321777
80,[0.7962249  0.27609074 0.8874667  0.42996478],6.0,0.5349243,0.11730718612670898
80,[0.0445558  0.33340585 0.21966861 0.56155217],7.0,0.99919814,0.11730718612670898
80,[0.18447874 0.31172103 0.2956618  0.45724177],7.0,0.99590296,0.11730718612670898
80,[0.59282917 0.38975042 0.7871775  0.696129  ],7.0,0.97831273,0.11730718612670898
80,[0.29243112 0.2798354  0.50118667 0.61406744],7.0,0.95697695,0.11730718612670898
80,[0.6279381  0.30901873 0.79058427 0.5248424 ],7.0,0.37567323,0.11730718612670898
80,[0.34131077 0.5981987  0.92129076 1.1140702 ],9.0,0.54213595,0.11730718612670898
80,[0.51285785 0.27438012 0.57861537 0.4824923 ],15.0,0.85919267,0.11730718612670898
81,[0.79421675 0.26182544 0.87607837 0.42751485],6.0,0.37718934,0.1352076530456543
81,[0.04302412 0.33883056 0.20409712 0.56354547],7.0,0.99945945,0.1352076530456543
81,[0.17665243 0.31471068 0.28504044 0.44865817],7.0,0.9896813,0.1352076530456543
81,[0.59351593 0.3860857  0.77374965 0.6871702 ],7.0,0.9290603,0.1352076530456543
81,[0.24505843 0.44893193 0.465203   0.76131225],7.0,0.82697505,0.1352076530456543
81,[0.29603708 0.2861592  0.49237084 0.5833093 ],7.0,0.75321656,0.1352076530456543
81,[0.220655   0.49406832 0.3274304  0.7059867 ],15.0,0.6582473,0.1352076530456543
81,[0.5048589  0.27365017 0.5658843  0.4752193 ],15.0,0.5069736,0.1352076530456543
82,[0.04217383 0.33535922 0.20303802 0.5605371 ],7.0,0.9991241,0.13173246383666992
82,[0.17290667 0.3128346  0.2814991  0.44990376],7.0,0.9564365,0.13173246383666992
82,[0.29335132 0.28584772 0.4840614  0.5773223 ],7.0,0.94354016,0.13173246383666992
82,[0.59175813 0.38559613 0.76827776 0.67584395],7.0,0.77637273,0.13173246383666992
82,[0.23552231 0.4491983  0.46469402 0.7290084 ],7.0,0.7148886,0.13173246383666992
82,[0.09693235 0.60906094 0.635148   1.1083295 ],9.0,0.9080952,0.13173246383666992
82,[0.49453354 0.27775475 0.56165314 0.4639816 ],15.0,0.49870694,0.13173246383666992
83,[0.03842133 0.33564043 0.19797061 0.5581572 ],7.0,0.99897885,0.1149911880493164
83,[0.17287281 0.31364208 0.28021735 0.43926018],7.0,0.9763837,0.1149911880493164
83,[0.2341724  0.4401453  0.45613158 0.6734999 ],7.0,0.82218534,0.1149911880493164
83,[0.30050254 0.30201823 0.48344004 0.56067497],7.0,0.80749685,0.1149911880493164
83,[0.5854853  0.38339543 0.76195675 0.6757225 ],7.0,0.4272638,0.1149911880493164
83,[0.09833789 0.6187749  0.643431   1.099991  ],9.0,0.8772411,0.1149911880493164
83,[0.2321822  0.44482625 0.44909996 0.73636234],9.0,0.77847993,0.1149911880493164
83,[0.49042115 0.276945   0.55901325 0.46132374],15.0,0.6188441,0.1149911880493164
84,[0.04025374 0.33745247 0.19831352 0.560179  ],7.0,0.99877816,0.11434054374694824
84,[0.17297302 0.31433266 0.28003904 0.44506234],7.0,0.9706984,0.11434054374694824
84,[0.26472646 0.33812803 0.4777109  0.5920934 ],7.0,0.6188464,0.11434054374694824
84,[0.22866932 0.43126208 0.45480582 0.6716618 ],7.0,0.5855445,0.11434054374694824
84,[0.58629054 0.38599116 0.76215595 0.6737537 ],7.0,0.312284,0.11434054374694824
84,[0.10259587 0.61975104 0.6461547  1.1003478 ],9.0,0.87172663,0.11434054374694824
84,[0.23093837 0.44767213 0.4479822  0.7408092 ],9.0,0.7665798,0.11434054374694824
84,[0.33262578 0.621975   0.89324    1.1037624 ],9.0,0.3419806,0.11434054374694824
84,[0.48909175 0.27538908 0.55897856 0.46574342],15.0,0.6034058,0.11434054374694824
84,[0.20727506 0.4958891  0.31341037 0.71670914],15.0,0.33254305,0.11434054374694824
85,[0.03378571 0.3360426  0.19356942 0.55500484],7.0,0.99850166,0.12436556816101074
85,[0.1665149  0.3101142  0.26951748 0.4552418 ],7.0,0.89347625,0.12436556816101074
85,[0.27150285 0.3053555  0.47993672 0.59301627],7.0,0.850046,0.12436556816101074
85,[0.58377385 0.37853605 0.75954545 0.6464924 ],7.0,0.7051854,0.12436556816101074
85,[0.23405376 0.4079452  0.45468023 0.68299115],7.0,0.5103084,0.12436556816101074
85,[0.5419837  0.30817294 0.6104044  0.4636854 ],7.0,0.49574333,0.12436556816101074
85,[0.0958184  0.6250427  0.63864505 1.1063298 ],9.0,0.8038088,0.12436556816101074
85,[0.23293047 0.4460926  0.44196916 0.74024713],9.0,0.73457086,0.12436556816101074
85,[0.4874862  0.27032042 0.55038613 0.47046304],15.0,0.64798784,0.12436556816101074
86,[0.02574575 0.3360607  0.18830341 0.55039674],7.0,0.9996111,0.1360478401184082
86,[0.15522704 0.31204864 0.2665349  0.49328926],7.0,0.96933067,0.1360478401184082
86,[0.27129602 0.31619284 0.4687168  0.5913781 ],7.0,0.9198855,0.1360478401184082
86,[0.2117736  0.44173402 0.43579683 0.7442226 ],7.0,0.797681,0.1360478401184082
86,[0.5689546  0.38763413 0.7423779  0.6277789 ],7.0,0.7075167,0.1360478401184082
86,[0.21468437 0.4453287  0.43173277 0.74463356],9.0,0.9592961,0.1360478401184082
86,[0.4767459  0.2777478  0.5435993  0.46163774],15.0,0.74096537,0.1360478401184082
87,[0.7607671  0.28276992 0.8495467  0.43661427],6.0,0.84798723,0.13881325721740723
87,[0.02281991 0.33819944 0.1828767  0.5520486 ],7.0,0.99932003,0.13881325721740723
87,[0.15080613 0.31190094 0.26444054 0.47526702],7.0,0.9730609,0.13881325721740723
87,[0.27452213 0.32126758 0.4602388  0.58661103],7.0,0.881495,0.13881325721740723
87,[0.24776584 0.42678502 0.43013597 0.69872355],7.0,0.77515626,0.13881325721740723
87,[0.577969   0.32359308 0.74014944 0.57395446],7.0,0.36921498,0.13881325721740723
87,[0.24034569 0.4454021  0.42369375 0.7357243 ],9.0,0.9680038,0.13881325721740723
87,[0.4717034  0.27345273 0.5428622  0.4738538 ],15.0,0.44822508,0.13881325721740723
87,[0.17374033 0.46518892 0.30108237 0.74263686],15.0,0.43728122,0.13881325721740723
88,[0.01854635 0.3361921  0.17649806 0.55191743],7.0,0.99908376,0.11809492111206055
88,[0.27468905 0.29447088 0.46290794 0.5709219 ],7.0,0.9800187,0.11809492111206055
88,[0.15006463 0.31026268 0.25839108 0.48649383],7.0,0.97911936,0.11809492111206055
88,[0.5562532  0.38980126 0.7347542  0.66944134],7.0,0.7062518,0.11809492111206055
88,[0.24044046 0.4020782  0.42689928 0.6692683 ],7.0,0.5864781,0.11809492111206055
88,[0.74106425 0.5520178  0.99777085 0.9879941 ],7.0,0.43991193,0.11809492111206055
88,[0.11251241 0.6180571  0.6240191  1.1023896 ],9.0,0.7158363,0.11809492111206055
88,[0.2272759  0.44277972 0.4137432  0.71014386],9.0,0.4919989,0.11809492111206055
88,[0.17203334 0.4746639  0.29125443 0.7812064 ],15.0,0.7240811,0.11809492111206055
88,[0.4731842  0.27612084 0.53508234 0.46194834],15.0,0.5802659,0.11809492111206055
89,[0.0170741  0.33576733 0.17569757 0.5518512 ],7.0,0.9991665,0.12469673156738281
89,[0.14963698 0.30966136 0.25767887 0.48330674],7.0,0.9855598,0.12469673156738281
89,[0.2736293 0.3071597 0.4573474 0.5798489],7.0,0.9840194,0.12469673156738281
89,[0.21104193 0.42452788 0.42238855 0.7112448 ],7.0,0.62929034,0.12469673156738281
89,[0.55490893 0.38832787 0.73347133 0.6710408 ],7.0,0.574886,0.12469673156738281
89,[0.74176776 0.5548346  0.9971099  0.98467255],7.0,0.40780944,0.12469673156738281
89,[0.10164431 0.61286694 0.62746215 1.1081345 ],9.0,0.7820814,0.12469673156738281
89,[0.2251453  0.43923584 0.41601586 0.71359515],9.0,0.42120087,0.12469673156738281
89,[0.17331117 0.4705467  0.2939108  0.7472123 ],15.0,0.8922369,0.12469673156738281
89,[0.47182637 0.27465957 0.5371848  0.46333587],15.0,0.5733913,0.12469673156738281
90,[0.1718245  0.47328308 0.28495508 0.7459229 ],5.0,0.43088704,0.1238410472869873
90,[0.01295853 0.3469585  0.16770945 0.55905265],7.0,0.9956833,0.1238410472869873
90,[0.27425236 0.28491086 0.45945692 0.57618725],7.0,0.9875207,0.1238410472869873
90,[0.14408715 0.31357002 0.2537483  0.47208452],7.0,0.9521821,0.1238410472869873
90,[0.23507872 0.37061903 0.42666063 0.66073895],7.0,0.5598014,0.1238410472869873
90,[0.56182474 0.35039508 0.72422093 0.6139437 ],7.0,0.45405614,0.1238410472869873
90,[0.71867305 0.5701474  1.0257207  0.9146186 ],7.0,0.35756776,0.1238410472869873
90,[0.10456452 0.61378366 0.6248522  1.1045669 ],9.0,0.7387593,0.1238410472869873
90,[0.7159971  0.57029957 1.0180132  0.89744073],9.0,0.5045334,0.1238410472869873
90,[0.7660229 0.644642  1.092285  1.0245786],9.0,0.46281824,0.1238410472869873
90,[0.22520572 0.43989295 0.40967572 0.71667284],9.0,0.45346755,0.1238410472869873
90,[0.46196908 0.27681917 0.53307974 0.47304535],15.0,0.36292884,0.1238410472869873
90,[0.17566171 0.47291952 0.27898452 0.75572985],15.0,0.31167892,0.1238410472869873
91,[0.74559325 0.291171   0.8317366  0.440557  ],6.0,0.34897467,0.11804509162902832
91,[0.00728531 0.34963718 0.16468869 0.5594975 ],7.0,0.99793315,0.11804509162902832
91,[0.2699016  0.27966222 0.4509515  0.57975256],7.0,0.9867247,0.11804509162902832
91,[0.69920295 0.564126   0.99094015 0.8747575 ],7.0,0.97503984,0.11804509162902832
91,[0.184003   0.43726832 0.40995485 0.7261651 ],7.0,0.9618717,0.11804509162902832
91,[0.13833272 0.31979197 0.2460821  0.46439832],7.0,0.8895154,0.11804509162902832
91,[0.54427993 0.38521767 0.7201848  0.65872943],7.0,0.82647467,0.11804509162902832
91,[0.56657207 0.32328883 0.72149837 0.50738496],7.0,0.5403518,0.11804509162902832
91,[0.10223424 0.6496042  0.6010127  1.0990558 ],9.0,0.6766408,0.11804509162902832
91,[0.1564372  0.4777703  0.27008903 0.7635077 ],15.0,0.90378445,0.11804509162902832
91,[0.45451096 0.28040612 0.5160407  0.4827363 ],15.0,0.85940486,0.11804509162902832
92,[0.69294685 0.55692184 0.9831235  0.8749671 ],7.0,0.9994973,0.1205143928527832
92,[0.00774781 0.3452467  0.16192529 0.5588371 ],7.0,0.9964353,0.1205143928527832
92,[0.20241627 0.42776474 0.40109923 0.7156898 ],7.0,0.98389405,0.1205143928527832
92,[0.28400648 0.29463667 0.44460887 0.57595664],7.0,0.9547663,0.1205143928527832
92,[0.13356693 0.31957716 0.23734818 0.4846242 ],7.0,0.93550336,0.1205143928527832
92,[0.5424192  0.38012794 0.7111683  0.61845315],7.0,0.6282087,0.1205143928527832
92,[0.2408188  0.36989737 0.41447282 0.6237719 ],7.0,0.62407184,0.1205143928527832
92,[0.1531272  0.45821026 0.26388302 0.74138844],7.0,0.3843327,0.1205143928527832
92,[0.5602427 0.3237533 0.7232489 0.5096642],7.0,0.33224702,0.1205143928527832
92,[0.11132172 0.6379861  0.60076904 1.0984557 ],9.0,0.38998964,0.1205143928527832
92,[0.44838706 0.28273624 0.5144266  0.48189747],15.0,0.92797035,0.1205143928527832
93,[0.00878195 0.3462034  0.1586159  0.5570427 ],7.0,0.99588865,0.13384389877319336
93,[0.2783072  0.3068121  0.43462312 0.5754746 ],7.0,0.9842658,0.13384389877319336
93,[0.12817578 0.32208684 0.23424767 0.48573598],7.0,0.9774483,0.13384389877319336
93,[0.68374556 0.5587506  0.9726562  0.870682  ],7.0,0.96040976,0.13384389877319336
93,[0.21029426 0.42244864 0.3988096  0.6932566 ],7.0,0.8632464,0.13384389877319336
93,[0.5431153  0.38164854 0.70303625 0.61763376],7.0,0.72814846,0.13384389877319336
93,[0.23999368 0.26741463 0.3578927  0.39390153],7.0,0.3235003,0.13384389877319336
93,[0.11295475 0.6858047  0.5829104  1.0937065 ],9.0,0.5734121,0.13384389877319336
93,[0.44542718 0.28401753 0.51190037 0.48305795],15.0,0.7207187,0.13384389877319336
93,[0.15390538 0.45336467 0.25845966 0.7787686 ],15.0,0.5016018,0.13384389877319336
94,[0.00863706 0.34640914 0.15809613 0.55812097],7.0,0.9968881,0.13414883613586426
94,[0.27816844 0.30482772 0.4358315  0.57597196],7.0,0.9827307,0.13414883613586426
94,[0.12813382 0.3220005  0.23397405 0.4833607 ],7.0,0.97774816,0.13414883613586426
94,[0.6824299  0.5541377  0.97230697 0.8728602 ],7.0,0.9322243,0.13414883613586426
94,[0.20759633 0.4248721  0.3998311  0.6924061 ],7.0,0.79635626,0.13414883613586426
94,[0.5384825 0.3693083 0.7076424 0.6331448],7.0,0.5570148,0.13414883613586426
94,[0.24065655 0.26752552 0.3591442  0.39360562],7.0,0.43195257,0.13414883613586426
94,[0.11061546 0.67242306 0.5745537  1.0939109 ],9.0,0.8183691,0.13414883613586426
94,[0.445509  0.2845326 0.5113106 0.4827026],15.0,0.6917435,0.13414883613586426
95,[0.00776591 0.34795648 0.15532878 0.55784094],7.0,0.9964987,0.11420893669128418
95,[0.2766513  0.3405117  0.42780504 0.58296716],7.0,0.99376833,0.11420893669128418
95,[0.20842782 0.42322683 0.39353874 0.67244923],7.0,0.9474494,0.11420893669128418
95,[0.12326872 0.32835442 0.23230088 0.50107056],7.0,0.9414115,0.11420893669128418
95,[0.2370712  0.2699572  0.36232358 0.38466874],7.0,0.48133028,0.11420893669128418
95,[0.5342799  0.35303262 0.70373696 0.62335396],7.0,0.35706207,0.11420893669128418
95,[0.10292   0.6388803 0.5718418 1.0906677],9.0,0.6234932,0.11420893669128418
95,[0.6758634 0.5548569 0.9684794 0.886778 ],9.0,0.3261752,0.11420893669128418
95,[0.15119028 0.4597714  0.25458407 0.78630877],15.0,0.9295086,0.11420893669128418
95,[0.44194195 0.30340034 0.5068718  0.4810695 ],15.0,0.3298278,0.11420893669128418
96,[0.14705825 0.455257   0.24951655 0.73300403],5.0,0.67253846,0.12903261184692383
96,[0.00649244 0.35027203 0.14896603 0.55512303],7.0,0.97979057,0.12903261184692383
96,[0.12176968 0.32497296 0.2220309  0.49595407],7.0,0.9756291,0.12903261184692383
96,[0.26428604 0.33081046 0.42381924 0.580699  ],7.0,0.9734213,0.12903261184692383
96,[0.19061854 0.4059884  0.3842148  0.67001003],7.0,0.8095905,0.12903261184692383
96,[0.5258364  0.39382112 0.68851393 0.6311873 ],7.0,0.48503026,0.12903261184692383
96,[0.22201486 0.27473825 0.36214077 0.39405578],7.0,0.33547944,0.12903261184692383
96,[0.09248468 0.6599113  0.6125243  1.0985951 ],9.0,0.7359954,0.12903261184692383
96,[0.43839085 0.31435192 0.49214065 0.4716609 ],15.0,0.547737,0.12903261184692383
97,[0.27324295 0.35671735 0.4225418  0.5813276 ],7.0,0.9932272,0.13765716552734375
97,[0.11805019 0.32707438 0.22043878 0.49655524],7.0,0.9912271,0.13765716552734375
97,[0.00746565 0.35079086 0.14754012 0.5551363 ],7.0,0.98395187,0.13765716552734375
97,[0.20023021 0.421937   0.37256005 0.68127954],7.0,0.95303106,0.13765716552734375
97,[0.64131117 0.54499245 0.9294958  0.86169636],7.0,0.8821044,0.13765716552734375
97,[0.5253144  0.37856886 0.6887718  0.63465095],7.0,0.8774689,0.13765716552734375
97,[0.21926528 0.27217817 0.3561433  0.39763433],7.0,0.50709707,0.13765716552734375
97,[0.09847286 0.6312847  0.5757674  1.1039348 ],9.0,0.7048129,0.13765716552734375
97,[0.4359039  0.31344908 0.49227262 0.47390282],15.0,0.41872212,0.13765716552734375
98,[0.1174121  0.32578188 0.2169784  0.49413568],7.0,0.9935009,0.1306781768798828
98,[0.27319235 0.365054   0.4225372  0.57568884],7.0,0.9831382,0.1306781768798828
98,[0.00603655 0.35132092 0.14535442 0.5542213 ],7.0,0.9676274,0.1306781768798828
98,[0.19592431 0.41902238 0.3708435  0.6898722 ],7.0,0.96336627,0.1306781768798828
98,[0.2210472  0.2696089  0.3543016  0.39637738],7.0,0.5436126,0.1306781768798828
98,[0.52240175 0.38830984 0.6797978  0.6293696 ],7.0,0.4875668,0.1306781768798828
98,[0.09504686 0.6586394  0.56133354 1.0933627 ],9.0,0.74575984,0.1306781768798828
98,[0.4329853  0.31293577 0.48628122 0.47499478],15.0,0.6140036,0.1306781768798828
99,[0.11728793 0.3261418  0.21704045 0.49790856],7.0,0.99418384,0.11201190948486328
99,[0.27727723 0.3666578  0.42261988 0.57627535],7.0,0.9785664,0.11201190948486328
99,[0.19848734 0.4211135  0.37156147 0.687734  ],7.0,0.96719724,0.11201190948486328
99,[0.00569613 0.3505698  0.14612769 0.5539706 ],7.0,0.9636106,0.11201190948486328
99,[0.5227939  0.38927054 0.67949915 0.63330317],7.0,0.5893254,0.11201190948486328
99,[0.2197693  0.269602   0.35249805 0.3950979 ],7.0,0.53380203,0.11201190948486328
99,[0.09649426 0.662819   0.5625447  1.0946888 ],9.0,0.7446387,0.11201190948486328
99,[0.43369362 0.31485215 0.4856029  0.47377613],15.0,0.57782763,0.11201190948486328
100,[0.13283122 0.4709385  0.23097998 0.6911883 ],5.0,0.63531154,0.11966395378112793
100,[0.11699172 0.3272817  0.21518096 0.48534757],7.0,0.9959759,0.11966395378112793
100,[0.20309329 0.42369854 0.36993903 0.6907302 ],7.0,0.9758197,0.11966395378112793
100,[0.00786998 0.35202563 0.14647204 0.5553305 ],7.0,0.9666962,0.11966395378112793
100,[0.27911323 0.3649996  0.4215883  0.5742524 ],7.0,0.9582067,0.11966395378112793
100,[0.5229959  0.38115025 0.67964405 0.6324426 ],7.0,0.7643283,0.11966395378112793
100,[0.21931732 0.27168912 0.3519215  0.3929186 ],7.0,0.624758,0.11966395378112793
100,[0.62824106 0.5436922  0.943799   0.946603  ],7.0,0.44055095,0.11966395378112793
100,[0.09366277 0.6556891  0.5552263  1.0897504 ],9.0,0.7024991,0.11966395378112793
100,[0.43282962 0.31086373 0.4871444  0.4759162 ],15.0,0.49814704,0.11966395378112793
101,[0.12336481 0.33668613 0.21800885 0.49885845],7.0,0.9959842,0.13478302955627441
101,[0.00741065 0.3606754  0.14569122 0.5577035 ],7.0,0.9931699,0.13478302955627441
101,[0.20209846 0.4108746  0.3751435  0.6819242 ],7.0,0.98722714,0.13478302955627441
101,[0.27333516 0.375758   0.41803002 0.57461184],7.0,0.9803992,0.13478302955627441
101,[0.62978584 0.5454142  0.9151338  0.91135013],7.0,0.80957294,0.13478302955627441
101,[0.52284443 0.39811736 0.6806216  0.6250306 ],7.0,0.6765196,0.13478302955627441
101,[0.223059   0.27974838 0.35280973 0.394432  ],7.0,0.52331895,0.13478302955627441
101,[0.08965211 0.6749202  0.5437175  1.0866638 ],9.0,0.9376513,0.13478302955627441
101,[0.4333136  0.31205416 0.48905504 0.47047848],15.0,0.40660325,0.13478302955627441
101,[0.45752823 0.3123509  0.5036599  0.47065482],15.0,0.34445933,0.13478302955627441
102,[0.12556884 0.3389503  0.21738604 0.5001977 ],7.0,0.991856,0.11834144592285156
102,[0.00911705 0.3607181  0.14774443 0.5545528 ],7.0,0.98828715,0.11834144592285156
102,[0.20561597 0.4043786  0.37807652 0.6662083 ],7.0,0.9775753,0.11834144592285156
102,[0.25352135 0.3813293  0.40902784 0.57394356],7.0,0.8999563,0.11834144592285156
102,[0.6257559  0.5382645  0.90350854 0.9088683 ],7.0,0.8975645,0.11834144592285156
102,[0.5206034  0.39638823 0.68049765 0.6369706 ],7.0,0.8813396,0.11834144592285156
102,[0.22808495 0.2796796  0.35515216 0.38848197],7.0,0.52424365,0.11834144592285156
102,[0.29971167 0.35661346 0.4174635  0.5152726 ],7.0,0.44405884,0.11834144592285156
102,[0.0930576 0.6805746 0.5554284 1.0863743],9.0,0.8043246,0.11834144592285156
102,[0.45406234 0.31218454 0.5055047  0.47309706],15.0,0.50581473,0.11834144592285156
102,[0.1429329  0.45092708 0.25105727 0.71518975],15.0,0.4256946,0.11834144592285156
103,[0.12713331 0.34034348 0.22131991 0.49922562],7.0,0.9944284,0.13242888450622559
103,[0.01001338 0.3594276  0.15535775 0.5523457 ],7.0,0.9920494,0.13242888450622559
103,[0.20727226 0.411584   0.37738058 0.668144  ],7.0,0.98507476,0.13242888450622559
103,[0.2697625  0.3690023  0.4250631  0.57260287],7.0,0.97175354,0.13242888450622559
103,[0.6186191  0.5286813  0.90484524 0.9076154 ],7.0,0.8502949,0.13242888450622559
103,[0.23312935 0.27933925 0.35682055 0.3819157 ],7.0,0.73164535,0.13242888450622559
103,[0.5238099  0.39272916 0.6823604  0.6363481 ],7.0,0.3942122,0.13242888450622559
103,[0.09118329 0.7192727  0.58953995 1.0916826 ],9.0,0.62092876,0.13242888450622559
103,[0.14653774 0.45121765 0.2512115  0.7173687 ],15.0,0.6092776,0.13242888450622559
103,[0.45389873 0.30949154 0.5055743  0.47502473],15.0,0.54693246,0.13242888450622559
104,[0.12716721 0.3406643  0.22153123 0.4973764 ],7.0,0.9935422,0.12967133522033691
104,[0.01085174 0.35986185 0.15497161 0.55248857],7.0,0.9899877,0.12967133522033691
104,[0.20502508 0.4092963  0.37770534 0.6688881 ],7.0,0.98493963,0.12967133522033691
104,[0.2640945  0.36442512 0.42424378 0.5729426 ],7.0,0.9542701,0.12967133522033691
104,[0.23342425 0.27892163 0.35721958 0.37976757],7.0,0.7930256,0.12967133522033691
104,[0.61891174 0.52925515 0.91519725 0.9080876 ],7.0,0.67526984,0.12967133522033691
104,[0.52341443 0.39370722 0.6818084  0.63646287],7.0,0.36591566,0.12967133522033691
104,[0.09057778 0.666949   0.58832663 1.090177  ],9.0,0.4750378,0.12967133522033691
104,[0.14464925 0.4560023  0.24939395 0.72103924],15.0,0.6473649,0.12967133522033691
104,[0.45525715 0.31041455 0.50498796 0.47350484],15.0,0.55039316,0.12967133522033691
105,[0.01010012 0.35866714 0.1549834  0.55611783],7.0,0.99291974,0.1345381736755371
105,[0.13027696 0.33956152 0.22327153 0.49674332],7.0,0.99198455,0.1345381736755371
105,[0.60764015 0.51994383 0.88522553 0.8763857 ],7.0,0.9905592,0.1345381736755371
105,[0.20305853 0.4007444  0.37964362 0.6717764 ],7.0,0.9820509,0.1345381736755371
105,[0.27817595 0.36265564 0.42879856 0.57387614],7.0,0.97837716,0.1345381736755371
105,[0.23474261 0.27969345 0.35746935 0.3796496 ],7.0,0.7839698,0.1345381736755371
105,[0.09429875 0.74793965 0.5956905  1.0964613 ],9.0,0.38324654,0.1345381736755371
105,[0.15107867 0.4438594  0.25281286 0.734927  ],15.0,0.50907534,0.1345381736755371
105,[0.4573556  0.31281382 0.50409186 0.47326237],15.0,0.47099045,0.1345381736755371
105,[0.43597826 0.31236643 0.48853156 0.47889888],15.0,0.45758116,0.1345381736755371
106,[0.12555315 0.33512715 0.21906738 0.48162994],7.0,0.991967,0.11850214004516602
106,[0.01809473 0.35458487 0.1524502  0.5503913 ],7.0,0.98159766,0.11850214004516602
106,[0.19034386 0.3977362  0.37060428 0.66262305],7.0,0.9654007,0.11850214004516602
106,[0.25044382 0.3592018  0.4213171  0.5630521 ],7.0,0.8370195,0.11850214004516602
106,[0.22976094 0.27751097 0.3529719  0.3889878 ],7.0,0.7337724,0.11850214004516602
106,[0.5881618  0.5116954  0.91447043 0.8992214 ],7.0,0.6471029,0.11850214004516602
106,[0.43350586 0.31022817 0.4841986  0.47794068],15.0,0.5746207,0.11850214004516602
106,[0.4622623  0.31838888 0.5022395  0.4703591 ],15.0,0.34268156,0.11850214004516602
107,[0.12536266 0.33718637 0.21677062 0.4880596 ],7.0,0.99217695,0.1285409927368164
107,[0.01817058 0.35585517 0.15212137 0.5520623 ],7.0,0.9699986,0.1285409927368164
107,[0.2054209  0.38218808 0.38159907 0.5827291 ],7.0,0.93771696,0.1285409927368164
107,[0.22885363 0.2792271  0.35229883 0.39116505],7.0,0.75965637,0.1285409927368164
107,[0.27028233 0.3571982  0.42851293 0.5708527 ],7.0,0.7416619,0.1285409927368164
107,[0.5209221  0.39431077 0.671074   0.63534707],7.0,0.5927312,0.1285409927368164
107,[0.5965315 0.507514  0.8691504 0.872468 ],7.0,0.51827973,0.1285409927368164
107,[0.15132071 0.4409186  0.2487721  0.7306255 ],15.0,0.63668007,0.1285409927368164
107,[0.4340461  0.30841348 0.48293346 0.47982302],15.0,0.5363661,0.1285409927368164
108,[0.12392252 0.3351126  0.21755552 0.47720656],7.0,0.9906826,0.12287569046020508
108,[0.01861104 0.35464716 0.14981624 0.54885215],7.0,0.9667227,0.12287569046020508
108,[0.24712247 0.36490715 0.41791612 0.5669075 ],7.0,0.9341943,0.12287569046020508
108,[0.20163214 0.40390712 0.36160612 0.6441478 ],7.0,0.7276401,0.12287569046020508
108,[0.22781113 0.28225678 0.3525214  0.38672632],7.0,0.50751066,0.12287569046020508
108,[0.02447513 0.6200328  0.48490462 1.017535  ],8.0,0.4097871,0.12287569046020508
108,[0.09535602 0.6703335  0.6053773  1.0981705 ],9.0,0.44699472,0.12287569046020508
108,[0.43254817 0.30547875 0.48220927 0.48420435],15.0,0.64909524,0.12287569046020508
109,[0.12443991 0.33510894 0.2176363  0.4732942 ],7.0,0.98871803,0.13022279739379883
109,[0.01966467 0.35530823 0.14912525 0.54796034],7.0,0.9530397,0.13022279739379883
109,[0.2010496  0.37969857 0.3856329  0.5829348 ],7.0,0.9528442,0.13022279739379883
109,[0.30537832 0.34283432 0.42315882 0.55240023],7.0,0.5156785,0.13022279739379883
109,[0.22773202 0.28196365 0.35302228 0.38857895],7.0,0.479353,0.13022279739379883
109,[0.52080727 0.39153397 0.66539085 0.62996876],7.0,0.3777631,0.13022279739379883
109,[0.43355525 0.30578062 0.481529   0.4822931 ],15.0,0.6043408,0.13022279739379883
110,[0.12644014 0.33602044 0.21350828 0.4606711 ],7.0,0.9882181,0.13530516624450684
110,[0.20026296 0.38309658 0.37972164 0.59117156],7.0,0.95112395,0.13530516624450684
110,[0.01801223 0.3599336  0.15145779 0.5487995 ],7.0,0.9507694,0.13530516624450684
110,[0.5180213  0.3781497  0.67170054 0.6281057 ],7.0,0.84373724,0.13530516624450684
110,[0.2668283  0.36582333 0.42670387 0.57202953],7.0,0.78167546,0.13530516624450684
110,[0.2291441  0.28004122 0.34948885 0.3838367 ],7.0,0.58844143,0.13530516624450684
110,[0.57710236 0.49502903 0.9456071  0.90419334],7.0,0.4201112,0.13530516624450684
110,[0.09404281 0.6916324  0.5948137  1.1027875 ],9.0,0.5247708,0.13530516624450684
110,[0.43448257 0.3104356  0.48179168 0.48234165],15.0,0.52546245,0.13530516624450684
111,[0.19459033 0.3823342  0.37531066 0.5945102 ],7.0,0.9881689,0.1386573314666748
111,[0.1245126  0.33772516 0.20941858 0.46931803],7.0,0.9664806,0.1386573314666748
111,[0.01625349 0.3595143  0.15341017 0.549768  ],7.0,0.9410469,0.1386573314666748
111,[0.5113861 0.3781792 0.6641776 0.6265509],7.0,0.92880344,0.1386573314666748
111,[0.25264448 0.34442848 0.43130946 0.5638902 ],7.0,0.89681304,0.1386573314666748
111,[0.22799088 0.28263375 0.3461841  0.37279168],7.0,0.60929614,0.1386573314666748
111,[0.15389608 0.39239123 0.2992252  0.69016826],7.0,0.48299268,0.1386573314666748
111,[0.13306925 0.43614578 0.24313363 0.7373506 ],15.0,0.43433583,0.1386573314666748
112,[0.19285364 0.38022205 0.3682316  0.5917076 ],7.0,0.9789396,0.1364293098449707
112,[0.25214761 0.3629651  0.42737925 0.57045066],7.0,0.9710812,0.1364293098449707
112,[0.01530342 0.36216038 0.15990257 0.54604155],7.0,0.95357317,0.1364293098449707
112,[0.11989789 0.34404248 0.21043335 0.48399293],7.0,0.92952096,0.1364293098449707
112,[0.5095172  0.39041913 0.66047597 0.62439203],7.0,0.8354294,0.1364293098449707
112,[0.15467516 0.3956077  0.30154875 0.6870564 ],7.0,0.54656565,0.1364293098449707
112,[0.2153735  0.28718954 0.3486786  0.40931576],7.0,0.47332427,0.1364293098449707
112,[0.13430308 0.4420805  0.24071799 0.7277944 ],15.0,0.6002507,0.1364293098449707
113,[0.16553104 0.40694773 0.35127914 0.6597698 ],7.0,0.9883972,0.12711501121520996
113,[0.27113843 0.37245432 0.4321158  0.57628804],7.0,0.98791426,0.12711501121520996
113,[0.51173174 0.37867096 0.66050994 0.6300671 ],7.0,0.97448415,0.12711501121520996
113,[0.12037292 0.35487092 0.2125169  0.5069382 ],7.0,0.96519685,0.12711501121520996
113,[0.01690325 0.36950785 0.1470241  0.55609065],7.0,0.90096444,0.12711501121520996
113,[0.5663665  0.4952103  0.88056487 0.84220076],7.0,0.7536449,0.12711501121520996
113,[0.22690213 0.28999507 0.3425843  0.37235224],7.0,0.47282436,0.12711501121520996
113,[0.12980501 0.4425999  0.24095662 0.72949433],15.0,0.67592186,0.12711501121520996
114,[0.2681213  0.37364468 0.4311291  0.57664204],7.0,0.98704535,0.11977791786193848
114,[0.16381447 0.40723047 0.35179764 0.65670943],7.0,0.9854843,0.11977791786193848
114,[0.11976518 0.3550651  0.212549   0.505347  ],7.0,0.9682567,0.11977791786193848
114,[0.5128355  0.37732357 0.659479   0.6274347 ],7.0,0.9276022,0.11977791786193848
114,[0.01078885 0.35495502 0.13729736 0.54635227],7.0,0.9079195,0.11977791786193848
114,[0.22532412 0.29084957 0.34364387 0.37474567],7.0,0.50626194,0.11977791786193848
114,[0.5689292  0.49271342 0.8967209  0.8485446 ],7.0,0.48825952,0.11977791786193848
114,[0.13261294 0.44006276 0.24148628 0.7258812 ],15.0,0.6759186,0.11977791786193848
115,[0.27031255 0.37704235 0.4335149  0.58519924],7.0,0.9934471,0.12433099746704102
115,[0.15016398 0.41449142 0.3566678  0.6804428 ],7.0,0.9893561,0.12433099746704102
115,[0.50945354 0.41103053 0.66206396 0.63173926],7.0,0.9552207,0.12433099746704102
115,[0.01585849 0.38038996 0.14434314 0.58841467],7.0,0.8839107,0.12433099746704102
115,[0.1226566  0.36544642 0.21391146 0.49023023],7.0,0.7291219,0.12433099746704102
115,[0.220294   0.31758812 0.34451002 0.44973585],7.0,0.31531918,0.12433099746704102
115,[0.08787826 0.7699957  0.662326   1.1243258 ],9.0,0.41133034,0.12433099746704102
115,[0.12965056 0.44021803 0.24141514 0.7424001 ],15.0,0.6633516,0.12433099746704102
115,[0.43310502 0.34520176 0.48088935 0.50628805],15.0,0.3766548,0.12433099746704102
116,[0.18105751 0.42456964 0.36441022 0.6633718 ],7.0,0.9966799,0.12759876251220703
116,[0.01339299 0.3977146  0.14704773 0.5735899 ],7.0,0.94473773,0.12759876251220703
116,[0.12382323 0.3914489  0.21636093 0.5191078 ],7.0,0.92837983,0.12759876251220703
116,[0.52248573 0.4234622  0.67668366 0.64392084],7.0,0.9199428,0.12759876251220703
116,[0.25903204 0.41482463 0.42160723 0.6148851 ],7.0,0.8882973,0.12759876251220703
116,[0.5311928  0.40502045 0.8256736  0.8719783 ],7.0,0.6380201,0.12759876251220703
116,[0.22519732 0.33373383 0.3474347  0.44219252],7.0,0.5961954,0.12759876251220703
116,[0.14739805 0.44066906 0.27712905 0.7477379 ],7.0,0.33494058,0.12759876251220703
116,[0.11561014 0.4802336  0.2438458  0.8072277 ],14.0,0.4415405,0.12759876251220703
117,[0.1824542  0.43153495 0.36630824 0.6768667 ],7.0,0.99802774,0.12937211990356445
117,[0.5160618  0.43197227 0.6688247  0.6596998 ],7.0,0.9834235,0.12937211990356445
117,[0.02129297 0.40729678 0.14381595 0.5818997 ],7.0,0.97357255,0.12937211990356445
117,[0.29784632 0.41967583 0.44503474 0.6245303 ],7.0,0.9582856,0.12937211990356445
117,[0.1265885  0.39920193 0.21444002 0.52074856],7.0,0.8754877,0.12937211990356445
117,[0.2273104  0.3417934  0.34656143 0.43176416],7.0,0.68742734,0.12937211990356445
117,[0.15295649 0.44671017 0.28135192 0.74520296],7.0,0.5208168,0.12937211990356445
117,[0.14932823 0.472857   0.24729013 0.7957512 ],15.0,0.3217821,0.12937211990356445
118,[0.5178606 0.4331478 0.6874507 0.6540166],7.0,0.99706286,0.1212310791015625
118,[0.18242803 0.44026414 0.36824098 0.6664808 ],7.0,0.9863495,0.1212310791015625
118,[0.26903918 0.42668995 0.4319717  0.62942225],7.0,0.9723502,0.1212310791015625
118,[0.02430523 0.41077584 0.14795403 0.5892361 ],7.0,0.9664597,0.1212310791015625
118,[0.12667374 0.40973654 0.21569325 0.53432006],7.0,0.91625154,0.1212310791015625
118,[0.15314569 0.4505681  0.28131288 0.7494172 ],7.0,0.6426147,0.1212310791015625
118,[0.23094203 0.35178044 0.34778208 0.42819086],7.0,0.44749543,0.1212310791015625
118,[0.15397555 0.47420806 0.24862415 0.7843724 ],15.0,0.47029462,0.1212310791015625
118,[0.43854204 0.38580927 0.48434237 0.53417563],15.0,0.30453768,0.1212310791015625
119,[0.5164889  0.43620878 0.6803024  0.6520638 ],7.0,0.9971123,0.12696337699890137
119,[0.17740227 0.43797922 0.3694483  0.66717386],7.0,0.9845034,0.12696337699890137
119,[0.26908407 0.4250063  0.43347237 0.62664527],7.0,0.96692175,0.12696337699890137
119,[0.02574317 0.4165483  0.15216067 0.6008046 ],7.0,0.9548142,0.12696337699890137
119,[0.1270304 0.4098784 0.2156721 0.5412125],7.0,0.929562,0.12696337699890137
119,[0.15240793 0.44804066 0.28970748 0.7486909 ],7.0,0.685748,0.12696337699890137
119,[0.23103298 0.352704   0.34754252 0.4283427 ],7.0,0.3642251,0.12696337699890137
119,[0.43677065 0.38294885 0.4846966  0.5355594 ],15.0,0.3800519,0.12696337699890137
119,[0.1528364  0.47516906 0.24804558 0.78486013],15.0,0.31290865,0.12696337699890137
120,[0.51284033 0.4297252  0.6845861  0.6473781 ],7.0,0.9988825,0.1323375701904297
120,[0.17526782 0.4361885  0.37498593 0.6714395 ],7.0,0.99075294,0.1323375701904297
120,[0.02746078 0.41805324 0.15042718 0.6017324 ],7.0,0.9730637,0.1323375701904297
120,[0.24582317 0.42649367 0.42810574 0.63458097],7.0,0.9566083,0.1323375701904297
120,[0.12218839 0.41867864 0.21928027 0.5577547 ],7.0,0.90467566,0.1323375701904297
120,[0.14973652 0.44734156 0.2830208  0.75034964],7.0,0.61058474,0.1323375701904297
120,[0.23131104 0.3558107  0.3496456  0.42865562],7.0,0.49436036,0.1323375701904297
120,[0.53701514 0.51515347 0.813513   0.85641974],7.0,0.37722418,0.1323375701904297
120,[0.1459351  0.46801895 0.24914102 0.8150217 ],14.0,0.43901032,0.1323375701904297
120,[0.43474874 0.38169497 0.4893476  0.53972393],15.0,0.4166464,0.1323375701904297
121,[0.1839878  0.43653238 0.35814905 0.6730919 ],7.0,0.97651505,0.12817597389221191
121,[0.51727694 0.44248876 0.6777964  0.6356625 ],7.0,0.9646438,0.12817597389221191
121,[0.02298785 0.4186058  0.14685431 0.6047925 ],7.0,0.95682913,0.12817597389221191
121,[0.30178866 0.4273017  0.43874803 0.6297117 ],7.0,0.9498373,0.12817597389221191
121,[0.5393384  0.51656556 0.833589   0.8467207 ],7.0,0.8095739,0.12817597389221191
121,[0.15616901 0.4495811  0.29396623 0.74322754],7.0,0.7817197,0.12817597389221191
121,[0.12512596 0.42257684 0.21468182 0.54487324],7.0,0.7516379,0.12817597389221191
121,[0.22240858 0.39236462 0.33740467 0.51046854],7.0,0.37040085,0.12817597389221191
121,[0.2292514  0.35715103 0.34106466 0.42803407],7.0,0.36769754,0.12817597389221191
121,[0.15066567 0.47809064 0.24010149 0.7812768 ],15.0,0.6032232,0.12817597389221191
122,[0.15808247 0.439658   0.34929818 0.7258397 ],7.0,0.97952086,0.12865805625915527
122,[0.02250605 0.42065644 0.14573756 0.6048924 ],7.0,0.958484,0.12865805625915527
122,[0.5152607  0.43995655 0.6582148  0.63343525],7.0,0.939394,0.12865805625915527
122,[0.2977023  0.41335708 0.42403227 0.6188918 ],7.0,0.92825884,0.12865805625915527
122,[0.22116272 0.36157823 0.34113592 0.47124422],7.0,0.75912505,0.12865805625915527
122,[0.12328917 0.43161267 0.2188853  0.57268554],7.0,0.6995615,0.12865805625915527
122,[0.5399836  0.5144124  0.89837855 0.8586315 ],7.0,0.45335895,0.12865805625915527
122,[0.43383846 0.4072512  0.4788883  0.5629274 ],15.0,0.35452303,0.12865805625915527
123,[0.02480612 0.42501697 0.14491725 0.6097748 ],7.0,0.97242177,0.13001060485839844
123,[0.17704746 0.43292373 0.3502582  0.67628425],7.0,0.9510921,0.13001060485839844
123,[0.29640108 0.41630659 0.42293733 0.61809844],7.0,0.943178,0.13001060485839844
123,[0.2201158  0.36590868 0.33702618 0.47345513],7.0,0.86428565,0.13001060485839844
123,[0.12629142 0.4339337  0.21646687 0.5677804 ],7.0,0.6874693,0.13001060485839844
123,[0.52203906 0.44436488 0.6652715  0.6268624 ],7.0,0.6773556,0.13001060485839844
123,[0.5544794  0.39710647 0.6803301  0.5065871 ],7.0,0.50261915,0.13001060485839844
123,[0.2843098  0.7993148  0.63119835 0.9977971 ],9.0,0.39518544,0.13001060485839844
124,[0.02599692 0.42600188 0.14515254 0.6114297 ],7.0,0.96225023,0.12917566299438477
124,[0.17567316 0.43087363 0.35110292 0.6754296 ],7.0,0.95007443,0.12917566299438477
124,[0.29739445 0.4156074  0.42310923 0.6185604 ],7.0,0.9447022,0.12917566299438477
124,[0.21957731 0.36582166 0.3382126  0.4750743 ],7.0,0.805609,0.12917566299438477
124,[0.5229307  0.44168517 0.6691424  0.62422544],7.0,0.76001996,0.12917566299438477
124,[0.12706745 0.43496412 0.21703905 0.5747108 ],7.0,0.70344776,0.12917566299438477
124,[0.5502038  0.39766526 0.6763084  0.50531423],7.0,0.42632583,0.12917566299438477
124,[0.2904001  0.78335583 0.52175045 0.8908379 ],9.0,0.3375052,0.12917566299438477
125,[0.0252445  0.41800153 0.14215642 0.6032436 ],7.0,0.97850263,0.13147354125976562
125,[0.3017763  0.42411757 0.42656004 0.61993086],7.0,0.9699823,0.13147354125976562
125,[0.17534758 0.43863973 0.3525827  0.6811281 ],7.0,0.96550906,0.13147354125976562
125,[0.22992586 0.37408188 0.3395449  0.4626216 ],7.0,0.74576396,0.13147354125976562
125,[0.52580255 0.4460857  0.67144305 0.63101256],7.0,0.49062407,0.13147354125976562
125,[0.12754658 0.4357994  0.21529111 0.5746328 ],7.0,0.4670122,0.13147354125976562
125,[0.4324     0.4025842  0.4832793  0.56616354],15.0,0.37611243,0.13147354125976562
126,[0.70057464 0.4158046  0.7839047  0.5516088 ],6.0,0.30321094,0.11779665946960449
126,[0.17626478 0.4540253  0.36187083 0.6895138 ],7.0,0.97747505,0.11779665946960449
126,[0.3181442  0.44034427 0.4549833  0.63124615],7.0,0.9768072,0.11779665946960449
126,[0.02835272 0.42667288 0.15355708 0.6376491 ],7.0,0.9713311,0.11779665946960449
126,[0.52508324 0.50480413 0.7437596  0.80655205],7.0,0.8269429,0.11779665946960449
126,[0.52595454 0.45634562 0.68457717 0.6098656 ],7.0,0.6865427,0.11779665946960449
126,[0.1320003  0.43666965 0.21741298 0.580146  ],7.0,0.5313961,0.11779665946960449
126,[0.23375952 0.38046002 0.35326105 0.4587286 ],7.0,0.5038938,0.11779665946960449
126,[0.15602538 0.52306014 0.24152929 0.7904443 ],14.0,0.72656995,0.11779665946960449
126,[0.15960293 0.5037445  0.2556823  0.7813208 ],15.0,0.3246651,0.11779665946960449
127,[0.7022168 0.4166726 0.7867399 0.5518015],6.0,0.44475105,0.13769268989562988
127,[0.32036597 0.43821573 0.45779026 0.63286483],7.0,0.97581166,0.13769268989562988
127,[0.02259605 0.4273218  0.15212244 0.64423716],7.0,0.96813107,0.13769268989562988
127,[0.17801581 0.4375292  0.36622673 0.688367  ],7.0,0.96397835,0.13769268989562988
127,[0.53026795 0.50536877 0.75783277 0.8213156 ],7.0,0.7969318,0.13769268989562988
127,[0.52470833 0.45544112 0.6795041  0.6130209 ],7.0,0.64171845,0.13769268989562988
127,[0.23331636 0.38194725 0.35434526 0.45972618],7.0,0.5220753,0.13769268989562988
127,[0.15988591 0.45098177 0.27591383 0.7560458 ],7.0,0.44551224,0.13769268989562988
127,[0.5861167  0.42585146 0.70545554 0.5462633 ],7.0,0.44471735,0.13769268989562988
127,[0.13774812 0.43833733 0.21713966 0.57527506],7.0,0.39823502,0.13769268989562988
127,[0.15493299 0.50984216 0.24559097 0.7920363 ],14.0,0.74429196,0.13769268989562988
128,[0.3230574  0.43920282 0.46141976 0.63401484],7.0,0.97967964,0.1373729705810547
128,[0.17078364 0.43860453 0.3695271  0.69474036],7.0,0.9622211,0.1373729705810547
128,[0.03849484 0.4269675  0.15746307 0.64774394],7.0,0.89241195,0.1373729705810547
128,[0.24045281 0.37839496 0.35719806 0.46389383],7.0,0.77808994,0.1373729705810547
128,[0.52346087 0.49642038 0.7403904  0.8126571 ],7.0,0.6573113,0.1373729705810547
128,[0.52876467 0.447697   0.6898989  0.60765135],7.0,0.40251383,0.1373729705810547
128,[0.13473141 0.4355126  0.21422261 0.5980918 ],7.0,0.34014016,0.1373729705810547
128,[0.27733558 0.77885586 0.5452932  0.9782087 ],9.0,0.41146144,0.1373729705810547
128,[0.15598698 0.546258   0.24679278 0.7784059 ],14.0,0.8837177,0.1373729705810547
128,[0.16058294 0.4953429  0.26199624 0.7797987 ],15.0,0.453544,0.1373729705810547
129,[0.32262665 0.439278   0.46219474 0.63355803],7.0,0.9823828,0.12482237815856934
129,[0.1720173  0.44031668 0.37232605 0.6955731 ],7.0,0.9296861,0.12482237815856934
129,[0.03594531 0.42641273 0.15742975 0.65423465],7.0,0.92092013,0.12482237815856934
129,[0.24095348 0.3773982  0.35772035 0.46498173],7.0,0.7947666,0.12482237815856934
129,[0.5235575  0.49872902 0.7381267  0.8130883 ],7.0,0.68418896,0.12482237815856934
129,[0.52981156 0.4476788  0.69457215 0.6065086 ],7.0,0.43940875,0.12482237815856934
129,[0.15566155 0.5489953  0.24752083 0.7819266 ],14.0,0.9155622,0.12482237815856934
129,[0.16166742 0.4926569  0.2613367  0.77949506],15.0,0.784904,0.12482237815856934
130,[0.17392631 0.4246744  0.37000746 0.69505763],7.0,0.9896375,0.12926054000854492
130,[0.32831562 0.43499362 0.46755493 0.633479  ],7.0,0.9866962,0.12926054000854492
130,[0.02703121 0.4149177  0.15716186 0.6580504 ],7.0,0.93357944,0.12926054000854492
130,[0.24335124 0.37716448 0.36060375 0.46546793],7.0,0.7858584,0.12926054000854492
130,[0.5266589 0.49474   0.7375096 0.8230121],7.0,0.69009495,0.12926054000854492
130,[0.53047025 0.44656906 0.6976595  0.6008832 ],7.0,0.5539707,0.12926054000854492
130,[0.26363105 0.4305545  0.4284078  0.65414166],7.0,0.42563304,0.12926054000854492
130,[0.16467318 0.44990486 0.27315816 0.7459789 ],7.0,0.31717262,0.12926054000854492
130,[0.2945058  0.7771387  0.5303807  0.91850626],9.0,0.41445294,0.12926054000854492
130,[0.15589668 0.55382586 0.2500491  0.78453076],14.0,0.9343357,0.12926054000854492
130,[0.162489   0.4661202  0.2466481  0.73395133],15.0,0.38406402,0.12926054000854492
131,[0.32976112 0.43744135 0.4680747  0.63058805],7.0,0.9798079,0.1258699893951416
131,[0.17944798 0.4367727  0.36853155 0.6989291 ],7.0,0.96145034,0.1258699893951416
131,[0.05526285 0.42887524 0.1554017  0.6049761 ],7.0,0.91562295,0.1258699893951416
131,[0.52812034 0.45809203 0.7342681  0.8107162 ],7.0,0.90556705,0.1258699893951416
131,[0.24497387 0.37529272 0.36176035 0.46484274],7.0,0.8751273,0.1258699893951416
131,[-0.00161028  0.38938054  0.07001649  0.63368523],7.0,0.43857053,0.1258699893951416
131,[0.16854653 0.49723428 0.26575407 0.78122514],14.0,0.7890384,0.1258699893951416
132,[0.32931125 0.43654597 0.46663928 0.63018477],7.0,0.9764084,0.12568998336791992
132,[0.17363164 0.42285007 0.3877733  0.69649   ],7.0,0.96122336,0.12568998336791992
132,[0.5185412  0.47569603 0.72930336 0.7963529 ],7.0,0.91459346,0.12568998336791992
132,[0.02268174 0.41058472 0.15287024 0.65842986],7.0,0.68776894,0.12568998336791992
132,[0.2433422  0.3779832  0.35865045 0.4564699 ],7.0,0.513581,0.12568998336791992
132,[-1.7615408e-04  3.9108196e-01  6.8523712e-02  6.2005365e-01],7.0,0.4291325,0.12568998336791992
133,[0.30836624 0.42406374 0.43888956 0.6130939 ],7.0,0.9808467,0.13165044784545898
133,[0.16827032 0.42261356 0.36160257 0.68988794],7.0,0.9775056,0.13165044784545898
133,[0.5223279  0.47730148 0.72297597 0.78628266],7.0,0.8766719,0.13165044784545898
133,[0.23551798 0.37953082 0.35174894 0.47121993],7.0,0.81835616,0.13165044784545898
133,[0.02417111 0.415365   0.1493108  0.64984703],7.0,0.58681417,0.13165044784545898
133,[0.568043   0.41933346 0.70124364 0.5457345 ],7.0,0.45830354,0.13165044784545898
133,[0.43912208 0.40961683 0.5038757  0.57372516],7.0,0.39254776,0.13165044784545898
133,[0.51919067 0.4427145  0.6927365  0.59812075],7.0,0.32128572,0.13165044784545898
133,[0.15929054 0.50094175 0.25828955 0.772542  ],14.0,0.6095622,0.13165044784545898
134,[0.31501532 0.42291147 0.44132572 0.6115568 ],7.0,0.9807444,0.12466549873352051
134,[0.16835098 0.4214878  0.36246717 0.69170475],7.0,0.978314,0.12466549873352051
134,[0.5212464  0.47749132 0.7227741  0.7865754 ],7.0,0.9528441,0.12466549873352051
134,[0.23471943 0.37958735 0.35162523 0.47067547],7.0,0.816851,0.12466549873352051
134,[0.02448109 0.41484463 0.14920352 0.65209043],7.0,0.41968608,0.12466549873352051
134,[0.43842006 0.40920758 0.50414354 0.57303673],7.0,0.416804,0.12466549873352051
134,[0.56229866 0.41990566 0.70092165 0.5469835 ],7.0,0.4111097,0.12466549873352051
134,[0.05928861 0.45215613 0.1512496  0.6129355 ],9.0,0.4200521,0.12466549873352051
134,[0.1591546  0.49635413 0.2597301  0.77160466],14.0,0.56602734,0.12466549873352051
135,[0.73925704 0.7970715  0.7880786  0.9599357 ],5.0,0.37020648,0.12834739685058594
135,[0.3132044  0.424076   0.43770427 0.6127112 ],7.0,0.9867546,0.12834739685058594
135,[0.15062954 0.40891576 0.35058367 0.7034497 ],7.0,0.94781005,0.12834739685058594
135,[0.02305398 0.41805223 0.14576808 0.6446812 ],7.0,0.8038228,0.12834739685058594
135,[0.50843346 0.47261113 0.7220386  0.7816048 ],7.0,0.751115,0.12834739685058594
135,[0.22677326 0.37591073 0.34361702 0.47264996],7.0,0.7315052,0.12834739685058594
135,[0.57678664 0.42336702 0.70097184 0.5499215 ],7.0,0.6941182,0.12834739685058594
136,[0.3057258 0.4247607 0.4278674 0.6088542],7.0,0.9951859,0.11941957473754883
136,[0.13930577 0.4044785  0.33967492 0.7035652 ],7.0,0.94368917,0.11941957473754883
136,[0.02284769 0.41174597 0.14071368 0.6332666 ],7.0,0.7223479,0.11941957473754883
136,[0.49723133 0.47110042 0.7108964  0.7622676 ],7.0,0.63460666,0.11941957473754883
136,[0.22502378 0.38137022 0.33105668 0.47671333],7.0,0.5050498,0.11941957473754883
137,[0.2943087  0.42368585 0.42500612 0.6083389 ],7.0,0.989249,0.12998509407043457
137,[0.4864944  0.4501356  0.68239176 0.75528765],7.0,0.9660483,0.12998509407043457
137,[0.14170575 0.40837651 0.33391076 0.6935918 ],7.0,0.94321257,0.12998509407043457
137,[0.03225997 0.43339655 0.13389161 0.6060318 ],7.0,0.83203495,0.12998509407043457
137,[0.21562454 0.37414992 0.32889906 0.46121234],7.0,0.6627618,0.12998509407043457
137,[0.12857762 0.463539   0.22406685 0.74179924],14.0,0.33435622,0.12998509407043457
137,[0.42732212 0.40129703 0.47545245 0.575383  ],15.0,0.44520465,0.12998509407043457
138,[0.13750672 0.42017418 0.32254463 0.6936684 ],7.0,0.97639334,0.12958192825317383
138,[0.28697217 0.4240187  0.42259562 0.6050968 ],7.0,0.95342946,0.12958192825317383
138,[0.02655691 0.42232352 0.12700722 0.6048073 ],7.0,0.74345106,0.12958192825317383
138,[0.47786757 0.44223434 0.70669615 0.75552624],7.0,0.43966198,0.12958192825317383
138,[0.18088095 0.71452844 0.4726662  1.022046  ],7.0,0.41261142,0.12958192825317383
138,[0.46316835 0.42468455 0.58221364 0.5390727 ],7.0,0.30292138,0.12958192825317383
138,[0.18433318 0.7121206  0.4800882  1.0330706 ],9.0,0.39409387,0.12958192825317383
138,[0.12443943 0.46398157 0.22315933 0.7298061 ],14.0,0.34856007,0.12958192825317383
139,[0.2867701 0.4233998 0.4204046 0.604388 ],7.0,0.9628989,0.11868453025817871
139,[0.13808075 0.41082948 0.32754812 0.69146043],7.0,0.954451,0.11868453025817871
139,[0.02620511 0.42158902 0.12670165 0.60493183],7.0,0.7173854,0.11868453025817871
139,[0.16152123 0.72272444 0.49925986 1.0167942 ],7.0,0.3830414,0.11868453025817871
139,[0.5609841  0.4095967  0.67397135 0.5632174 ],7.0,0.36907953,0.11868453025817871
139,[0.47672877 0.44524097 0.6803606  0.7479681 ],7.0,0.34258553,0.11868453025817871
139,[0.46223375 0.4252082  0.58268857 0.5387263 ],7.0,0.3352647,0.11868453025817871
139,[0.41063535 0.4096202  0.47301912 0.5757562 ],7.0,0.32372782,0.11868453025817871
139,[0.12484971 0.45920885 0.22288263 0.7188735 ],14.0,0.32820633,0.11868453025817871
139,[0.6691171  0.6587343  0.7753835  0.96711683],15.0,0.32813215,0.11868453025817871
140,[0.6663582 0.6545015 0.7720905 0.9635629],5.0,0.8424393,0.1269843578338623
140,[0.28714436 0.42239347 0.41678953 0.6047294 ],7.0,0.98055995,0.1269843578338623
140,[0.13623808 0.40439487 0.31809485 0.69875884],7.0,0.9506339,0.1269843578338623
140,[0.4776719  0.44415265 0.67459726 0.7435395 ],7.0,0.78031486,0.1269843578338623
140,[0.00886604 0.39753765 0.13391596 0.63070506],7.0,0.53946435,0.1269843578338623
140,[0.55679333 0.41414833 0.6705619  0.5679963 ],7.0,0.4403611,0.1269843578338623
140,[0.18804291 0.7079695  0.47772673 1.0288714 ],7.0,0.42868814,0.1269843578338623
140,[0.19176349 0.71171623 0.4771634  1.019139  ],9.0,0.40303415,0.1269843578338623
140,[0.65771484 0.6508061  0.7744533  0.9672685 ],15.0,0.33246136,0.1269843578338623
141,[0.6578368 0.6511885 0.765208  0.9547304],5.0,0.54211724,0.13218927383422852
141,[0.13882911 0.4060674  0.3234568  0.68779266],7.0,0.9886081,0.13218927383422852
141,[0.2932067  0.42774153 0.41523737 0.6032517 ],7.0,0.97742885,0.13218927383422852
141,[0.47402406 0.45143574 0.6667701  0.7416969 ],7.0,0.9648515,0.13218927383422852
141,[0.1984358 0.7720059 0.5946154 1.1003851],7.0,0.79207796,0.13218927383422852
141,[0.02705569 0.4381479  0.1276593  0.6061603 ],7.0,0.6256765,0.13218927383422852
141,[0.5542331  0.41500777 0.6644585  0.5703647 ],7.0,0.321887,0.13218927383422852
141,[0.1233329  0.4655643  0.22533925 0.71351093],14.0,0.48092785,0.13218927383422852
142,[0.6520811  0.6546574  0.75734526 0.9626779 ],5.0,0.70394564,0.1295633316040039
142,[0.1461853  0.41439134 0.3228724  0.68572456],7.0,0.9835321,0.1295633316040039
142,[0.28990644 0.42727163 0.42216885 0.6053052 ],7.0,0.9803294,0.1295633316040039
142,[0.4760338  0.44666892 0.6714982  0.7407523 ],7.0,0.9791555,0.1295633316040039
142,[0.03983261 0.43868503 0.12853737 0.6027961 ],7.0,0.75571233,0.1295633316040039
142,[0.1500867  0.6909325  0.52754647 1.0363264 ],7.0,0.4160494,0.1295633316040039
142,[0.55344784 0.42096844 0.6672498  0.56681085],7.0,0.41272157,0.1295633316040039
142,[0.20900021 0.38048747 0.32125664 0.47867987],7.0,0.36002216,0.1295633316040039
142,[0.12700239 0.46891963 0.2250478  0.7182355 ],14.0,0.73624337,0.1295633316040039
143,[0.46474788 0.44708052 0.653675   0.74224555],7.0,0.99456376,0.13012480735778809
143,[0.14376587 0.4149174  0.31654668 0.6792119 ],7.0,0.98929465,0.13012480735778809
143,[0.29267433 0.42693937 0.41565016 0.6031039 ],7.0,0.9649805,0.13012480735778809
143,[0.55131066 0.41471374 0.6671659  0.5644191 ],7.0,0.664593,0.13012480735778809
143,[0.02097455 0.4214363  0.11997115 0.5952332 ],7.0,0.65584046,0.13012480735778809
143,[0.20532818 0.37690187 0.31768495 0.47494185],7.0,0.3741773,0.13012480735778809
143,[0.14380288 0.68921685 0.4916486  1.015786  ],7.0,0.3217135,0.13012480735778809
143,[0.12114456 0.45344192 0.22126457 0.7060166 ],14.0,0.37803185,0.13012480735778809
144,[0.14029971 0.40561557 0.32164755 0.6786915 ],7.0,0.9877366,0.13374876976013184
144,[0.29194674 0.42800736 0.4164532  0.6026393 ],7.0,0.97449875,0.13374876976013184
144,[0.46462375 0.4483322  0.6512129  0.74128044],7.0,0.9475286,0.13374876976013184
144,[0.55075586 0.4169369  0.667776   0.5684552 ],7.0,0.69900954,0.13374876976013184
144,[0.0216988  0.42502475 0.11938335 0.5953058 ],7.0,0.62904143,0.13374876976013184
144,[0.20629585 0.37806663 0.31810302 0.47489384],7.0,0.32590276,0.13374876976013184
144,[0.46954826 0.46299595 0.65049624 0.75985044],9.0,0.3177052,0.13374876976013184
145,[0.63469    0.63269365 0.7371729  0.95171726],5.0,0.56186056,0.1317133903503418
145,[0.29211593 0.4255637  0.4170357  0.60354567],7.0,0.9517186,0.1317133903503418
145,[0.13748991 0.40591753 0.31390536 0.6775149 ],7.0,0.94561666,0.1317133903503418
145,[0.45892295 0.44920874 0.6469512  0.7369323 ],7.0,0.9388827,0.1317133903503418
145,[0.54734796 0.41325897 0.6682041  0.56853145],7.0,0.8645462,0.1317133903503418
145,[0.17889708 0.7574583  0.5795206  1.0901151 ],7.0,0.75246483,0.1317133903503418
145,[0.02886695 0.4436869  0.11763468 0.5883215 ],7.0,0.746293,0.1317133903503418
146,[0.625393   0.6226685  0.7184046  0.94763696],5.0,0.7587529,0.13388776779174805
146,[0.45835328 0.44237942 0.6411637  0.7140419 ],7.0,0.99397606,0.13388776779174805
146,[0.13199252 0.40190116 0.3044012  0.67188346],7.0,0.984294,0.13388776779174805
146,[0.16933785 0.72834295 0.58636266 1.0957682 ],7.0,0.9532556,0.13388776779174805
146,[0.2778828  0.42370397 0.41597396 0.6062892 ],7.0,0.9505046,0.13388776779174805
146,[0.02538545 0.45146346 0.1127332  0.5864662 ],7.0,0.83881766,0.13388776779174805
146,[0.5581417  0.40680927 0.6648011  0.5633303 ],7.0,0.34876466,0.13388776779174805
147,[0.6193754 0.6179651 0.7119886 0.9456248],5.0,0.63784754,0.12448525428771973
147,[0.13573104 0.38837612 0.3029162  0.6694071 ],7.0,0.9887093,0.12448525428771973
147,[0.17346142 0.7285428  0.57816863 1.0967078 ],7.0,0.9376844,0.12448525428771973
147,[0.27406892 0.42182583 0.4137003  0.6019549 ],7.0,0.9108948,0.12448525428771973
147,[0.45423743 0.4338951  0.63502955 0.71184886],7.0,0.8757107,0.12448525428771973
147,[0.02656939 0.42711663 0.11105691 0.59029675],7.0,0.7728213,0.12448525428771973
147,[0.12244628 0.43071395 0.2077188  0.65905875],15.0,0.43054223,0.12448525428771973
148,[0.60875994 0.6185276  0.7060028  0.938742  ],5.0,0.5148613,0.13228225708007812
148,[0.12973571 0.38235465 0.30458978 0.6588807 ],7.0,0.9961433,0.13228225708007812
148,[0.45279202 0.43784413 0.6247102  0.70276093],7.0,0.9942107,0.13228225708007812
148,[0.29320672 0.42330036 0.42907158 0.6247616 ],7.0,0.9655965,0.13228225708007812
148,[0.17877182 0.7039668  0.561774   1.0956922 ],7.0,0.95554936,0.13228225708007812
148,[0.02400656 0.43688366 0.10984285 0.58403623],7.0,0.75546974,0.13228225708007812
149,[0.13003379 0.3833987  0.30344605 0.65586704],7.0,0.99640036,0.12127280235290527
149,[0.45232898 0.43821985 0.62414163 0.7030273 ],7.0,0.99528235,0.12127280235290527
149,[0.17816171 0.70273787 0.5606203  1.0942553 ],7.0,0.98280483,0.12127280235290527
149,[0.2944958  0.4238221  0.42786476 0.62438613],7.0,0.96268433,0.12127280235290527
149,[0.01837522 0.4166421  0.10861611 0.58281016],7.0,0.6989216,0.12127280235290527
150,[0.60317594 0.6090691  0.70523113 0.93434656],5.0,0.5647655,0.11946558952331543
150,[0.13069308 0.3908721  0.30255097 0.64099276],7.0,0.9962515,0.11946558952331543
150,[0.44893807 0.42866558 0.6211559  0.6904716 ],7.0,0.9946043,0.11946558952331543
150,[0.17274033 0.69791985 0.5687203  1.0985836 ],7.0,0.98883295,0.11946558952331543
150,[0.29220665 0.4176933  0.4297831  0.6165761 ],7.0,0.9741523,0.11946558952331543
150,[0.021678   0.41690487 0.10962096 0.5729705 ],7.0,0.8691456,0.11946558952331543
150,[0.12568898 0.42004406 0.21148147 0.64816546],15.0,0.4005789,0.11946558952331543
151,[0.59407395 0.57302475 0.6825736  0.9115629 ],5.0,0.7953543,0.14466547966003418
151,[0.55848664 0.3898307  0.65561634 0.5338369 ],6.0,0.4045637,0.14466547966003418
151,[0.13115835 0.38600495 0.29830813 0.6315503 ],7.0,0.99468,0.14466547966003418
151,[0.15946674 0.68653965 0.522145   1.0836629 ],7.0,0.97747964,0.14466547966003418
151,[0.44389188 0.41959882 0.61727166 0.67967904],7.0,0.96634966,0.14466547966003418
151,[0.27270725 0.3940221  0.41277942 0.5765146 ],7.0,0.9502616,0.14466547966003418
151,[0.02267057 0.40651354 0.10776898 0.5650832 ],7.0,0.6385454,0.14466547966003418
151,[0.5934569  0.57429713 0.68473274 0.9081252 ],15.0,0.30706838,0.14466547966003418
152,[0.5901525  0.5663908  0.67892694 0.89969283],5.0,0.3825074,0.12356925010681152
152,[0.5589228  0.38682008 0.6570421  0.5361852 ],6.0,0.6088081,0.12356925010681152
152,[0.13592261 0.37715787 0.29843128 0.6210747 ],7.0,0.994451,0.12356925010681152
152,[0.44319767 0.41605103 0.6180214  0.67031026],7.0,0.98964816,0.12356925010681152
152,[0.28056198 0.39198744 0.41215068 0.57480776],7.0,0.9549157,0.12356925010681152
152,[0.14773151 0.68489087 0.53378963 1.1027325 ],7.0,0.937006,0.12356925010681152
152,[0.01097637 0.3736627  0.10285263 0.56312996],7.0,0.7279335,0.12356925010681152
152,[0.12582184 0.40039372 0.2031733  0.61205256],15.0,0.90665346,0.12356925010681152
152,[0.588791   0.5693201  0.67912686 0.8966361 ],15.0,0.38598612,0.12356925010681152
153,[0.58506846 0.5649264  0.6802026  0.9021666 ],5.0,0.75593436,0.12848973274230957
153,[0.566439  0.3853931 0.6572352 0.5312236],6.0,0.3084448,0.12848973274230957
153,[0.43724284 0.40210205 0.6212163  0.6605415 ],7.0,0.9935958,0.12848973274230957
153,[0.14784059 0.36855063 0.30289978 0.61239934],7.0,0.99261147,0.12848973274230957
153,[0.16052653 0.6789699  0.5024925  1.0949787 ],7.0,0.9586147,0.12848973274230957
153,[0.2988708  0.39449295 0.43325436 0.5910231 ],7.0,0.91653216,0.12848973274230957
153,[0.02404697 0.40543    0.10992675 0.5640628 ],7.0,0.7030537,0.12848973274230957
153,[0.11573249 0.6114861  0.3920796  1.0034988 ],7.0,0.4554921,0.12848973274230957
153,[0.5666892  0.38620472 0.6601606  0.5284858 ],7.0,0.31705573,0.12848973274230957
153,[0.12575245 0.40182915 0.20319214 0.60196567],15.0,0.90986097,0.12848973274230957
154,[0.58720297 0.5639802  0.68054706 0.89957714],5.0,0.638966,0.1305091381072998
154,[0.56728184 0.37951663 0.6556926  0.53110224],6.0,0.33764654,0.1305091381072998
154,[0.438101   0.40214437 0.62074286 0.66536194],7.0,0.99353325,0.1305091381072998
154,[0.14700836 0.37233108 0.30233264 0.6140922 ],7.0,0.99065,0.1305091381072998
154,[0.16768965 0.67648876 0.51514506 1.0885271 ],7.0,0.967272,0.1305091381072998
154,[0.29902446 0.39553583 0.43482602 0.59174764],7.0,0.9286673,0.1305091381072998
154,[0.02397025 0.4079259  0.11002555 0.5638929 ],7.0,0.6816743,0.1305091381072998
154,[0.11855517 0.60845053 0.40108478 1.0042914 ],7.0,0.58892393,0.1305091381072998
154,[0.56754315 0.3843187  0.6590543  0.53018767],7.0,0.5704264,0.1305091381072998
154,[0.12610514 0.40146652 0.20335753 0.60226816],15.0,0.9352628,0.1305091381072998
155,[0.5715728  0.37041828 0.6601709  0.5252471 ],6.0,0.8355603,0.13184189796447754
155,[0.44370046 0.39736354 0.62226737 0.6567825 ],7.0,0.9967559,0.13184189796447754
155,[0.15150982 0.37248313 0.30481693 0.5966355 ],7.0,0.9868911,0.13184189796447754
155,[0.17769922 0.66905934 0.48583198 1.074779  ],7.0,0.9697552,0.13184189796447754
155,[0.3046774  0.39023122 0.43707022 0.58721673],7.0,0.8740782,0.13184189796447754
155,[0.03045922 0.40862644 0.11357153 0.5548889 ],7.0,0.8463785,0.13184189796447754
155,[0.11831249 0.5987232  0.39942527 1.0022606 ],7.0,0.76514506,0.13184189796447754
155,[0.0252981  0.8780769  0.1601044  0.99712634],7.0,0.33065623,0.13184189796447754
155,[0.1299441  0.39562076 0.20298009 0.6011041 ],15.0,0.93327254,0.13184189796447754
156,[0.5833549 0.5485445 0.6702228 0.8572632],5.0,0.7761917,0.12526559829711914
156,[0.5728793  0.3499123  0.66769695 0.51413924],6.0,0.7546363,0.12526559829711914
156,[0.15529019 0.3632692  0.3103929  0.5800651 ],7.0,0.9994392,0.12526559829711914
156,[0.4456019  0.3872639  0.6297509  0.64450765],7.0,0.9971909,0.12526559829711914
156,[0.31050578 0.3904229  0.45082673 0.5714529 ],7.0,0.9927955,0.12526559829711914
156,[0.03181857 0.37997496 0.12046498 0.54123133],7.0,0.7230162,0.12526559829711914
156,[0.13993731 0.37898776 0.21472758 0.5758942 ],15.0,0.41249797,0.12526559829711914
157,[0.58310306 0.5359521  0.67287385 0.8411864 ],5.0,0.42166856,0.1261594295501709
157,[0.5748961  0.35317272 0.672441   0.5107827 ],6.0,0.45388806,0.1261594295501709
157,[0.44980463 0.38160473 0.6201169  0.6296646 ],7.0,0.9990677,0.1261594295501709
157,[0.1604114  0.36404815 0.30671477 0.5665179 ],7.0,0.9849296,0.1261594295501709
157,[0.31785724 0.38420424 0.4543253  0.56106204],7.0,0.9689668,0.1261594295501709
157,[0.03599183 0.3757862  0.1232004  0.5330309 ],7.0,0.84585893,0.1261594295501709
157,[-0.00432568  0.33918756  0.05296332  0.60283947],7.0,0.37007886,0.1261594295501709
157,[0.5750391  0.3575718  0.67527753 0.51831776],7.0,0.30863914,0.1261594295501709
157,[0.16767125 0.63758487 0.50751656 1.1013651 ],9.0,0.5573487,0.1261594295501709
157,[0.1383236  0.36753568 0.21382374 0.57439905],15.0,0.9271063,0.1261594295501709
158,[0.5844243  0.51527256 0.6732083  0.8340537 ],5.0,0.6396142,0.13980603218078613
158,[0.57647383 0.36417    0.6734506  0.51219875],6.0,0.40635353,0.13980603218078613
158,[0.44859436 0.37600338 0.6220659  0.6196292 ],7.0,0.9992705,0.13980603218078613
158,[0.30066308 0.3594078  0.43552986 0.53908694],7.0,0.98096335,0.13980603218078613
158,[0.16476394 0.36418983 0.30973196 0.56435806],7.0,0.9665167,0.13980603218078613
158,[0.04093599 0.36908525 0.12507677 0.5295076 ],7.0,0.9113055,0.13980603218078613
158,[0.57819843 0.3702552  0.6793549  0.5241318 ],7.0,0.8675839,0.13980603218078613
158,[0.16290966 0.6270624  0.4917057  1.0913426 ],7.0,0.41066828,0.13980603218078613
158,[-0.00412968  0.34249443  0.05750691  0.5894479 ],7.0,0.3853327,0.13980603218078613
158,[0.13965471 0.36692244 0.2177455  0.5623838 ],15.0,0.91106975,0.13980603218078613
159,[0.5834765  0.51642036 0.6755752  0.83439183],5.0,0.5328761,0.12263822555541992
159,[0.57688564 0.36199203 0.67322046 0.5120559 ],6.0,0.5715551,0.12263822555541992
159,[0.447344  0.3757577 0.6215741 0.6213356],7.0,0.99910176,0.12263822555541992
159,[0.16363956 0.3629956  0.30986297 0.5649489 ],7.0,0.97621006,0.12263822555541992
159,[0.3000201  0.35882866 0.4361503  0.5400582 ],7.0,0.9757817,0.12263822555541992
159,[0.04105539 0.37153694 0.1255522  0.5315883 ],7.0,0.90808374,0.12263822555541992
159,[0.5781659  0.36389798 0.67790055 0.52236545],7.0,0.7824517,0.12263822555541992
159,[-0.00358718  0.34269634  0.05675187  0.58707803],7.0,0.3965468,0.12263822555541992
159,[0.16482694 0.6280907  0.49446738 1.087596  ],9.0,0.33951756,0.12263822555541992
159,[0.13956232 0.36716443 0.2182806  0.5614676 ],15.0,0.8972033,0.12263822555541992
160,[0.45058584 0.37709492 0.6258509  0.6207562 ],7.0,0.9993131,0.1289513111114502
160,[0.30982903 0.3595124  0.44170675 0.5382664 ],7.0,0.9782251,0.1289513111114502
160,[0.1600363  0.3621037  0.31118688 0.5576294 ],7.0,0.92780745,0.1289513111114502
160,[0.04652827 0.36354735 0.12804088 0.53052914],7.0,0.6395714,0.1289513111114502
160,[0.5808592  0.36130947 0.67917824 0.51729643],7.0,0.5945548,0.1289513111114502
160,[0.1236294  0.57445544 0.36950827 0.8722915 ],7.0,0.44364846,0.1289513111114502
160,[0.17217591 0.6310923  0.49177375 1.082007  ],9.0,0.53415537,0.1289513111114502
160,[0.14142087 0.36912575 0.22017276 0.5438257 ],15.0,0.7699961,0.1289513111114502
160,[0.58474195 0.5126041  0.6731931  0.82383513],15.0,0.3050998,0.1289513111114502
161,[0.59443504 0.35758093 0.6822116  0.5091251 ],6.0,0.6314266,0.12777996063232422
161,[0.45457456 0.36436617 0.6327883  0.6148783 ],7.0,0.99963593,0.12777996063232422
161,[0.31565106 0.35535645 0.4490466  0.53719836],7.0,0.9817785,0.12777996063232422
161,[0.16594765 0.35760152 0.32199174 0.54741967],7.0,0.95033145,0.12777996063232422
161,[0.0561386  0.38948122 0.13190725 0.52692664],7.0,0.63072,0.12777996063232422
161,[-5.0594658e-04  3.3649576e-01  6.7876615e-02  5.7113796e-01],7.0,0.6029208,0.12777996063232422
161,[0.5947287  0.35285962 0.6838914  0.5048774 ],7.0,0.4374581,0.12777996063232422
161,[0.13785319 0.37782058 0.23105566 0.5284265 ],7.0,0.3871317,0.12777996063232422
161,[0.1604127 0.6280714 0.5318924 1.0861195],9.0,0.8265163,0.12777996063232422
161,[0.57200867 0.5332118  0.6573289  0.79583013],14.0,0.417158,0.12777996063232422
161,[0.15318814 0.36543688 0.22992098 0.5421781 ],15.0,0.5481028,0.12777996063232422
162,[0.5955432  0.34800854 0.6803588  0.50481284],6.0,0.4150339,0.11804032325744629
162,[0.4571925  0.36941618 0.6316506  0.6037436 ],7.0,0.9995876,0.11804032325744629
162,[0.3237678  0.3467803  0.4506323  0.52859366],7.0,0.9756748,0.11804032325744629
162,[0.5946166 0.3544444 0.6848683 0.5000832],7.0,0.93711895,0.11804032325744629
162,[0.18377042 0.35557684 0.32985765 0.5447842 ],7.0,0.92684066,0.11804032325744629
162,[-0.0010308   0.33471224  0.07000566  0.5744494 ],7.0,0.75913423,0.11804032325744629
162,[0.05858335 0.3864535  0.13573128 0.52294093],7.0,0.6170656,0.11804032325744629
162,[0.15738688 0.6119862  0.5310347  1.082027  ],9.0,0.8466142,0.11804032325744629
162,[0.15799066 0.3697372  0.23180872 0.53380275],15.0,0.6439034,0.11804032325744629
163,[0.58261466 0.49908286 0.66503394 0.79553443],5.0,0.5019778,0.12437748908996582
163,[0.59560037 0.34668022 0.6865113  0.50258327],6.0,0.54538685,0.12437748908996582
163,[0.4591224  0.37235332 0.6403456  0.5908466 ],7.0,0.9995016,0.12437748908996582
163,[0.327736  0.3452462 0.4539869 0.5241247],7.0,0.9751263,0.12437748908996582
163,[0.06113105 0.38550836 0.13839214 0.5200471 ],7.0,0.816744,0.12437748908996582
163,[0.59363043 0.35532743 0.69072926 0.49904782],7.0,0.8116735,0.12437748908996582
163,[0.1970759  0.3518443  0.335998   0.53764266],7.0,0.80470985,0.12437748908996582
163,[-0.00174925  0.33290914  0.07255378  0.5735916 ],7.0,0.70056957,0.12437748908996582
163,[0.14272402 0.3827256  0.23133685 0.51938975],7.0,0.31670615,0.12437748908996582
163,[0.15665807 0.6089949  0.50212604 1.0728036 ],9.0,0.493017,0.12437748908996582
163,[0.1602821  0.37183008 0.23347384 0.52897465],15.0,0.55007666,0.12437748908996582
164,[0.5827443  0.50488997 0.66357225 0.79608667],5.0,0.4808205,0.12587976455688477
164,[0.59588194 0.34625953 0.6850444  0.50367737],6.0,0.49437177,0.12587976455688477
164,[0.45857236 0.37362915 0.64079034 0.5923342 ],7.0,0.9992631,0.12587976455688477
164,[0.32817566 0.34709063 0.45448035 0.5144558 ],7.0,0.9820196,0.12587976455688477
164,[0.59328973 0.35744858 0.68980885 0.4990043 ],7.0,0.8532805,0.12587976455688477
164,[0.19258699 0.35363358 0.33332857 0.5388115 ],7.0,0.80587643,0.12587976455688477
164,[0.06082963 0.38203776 0.13797808 0.52085614],7.0,0.7883394,0.12587976455688477
164,[-0.00179996  0.33261806  0.07215997  0.5739468 ],7.0,0.7104578,0.12587976455688477
164,[0.1641058  0.60789984 0.50320625 1.080034  ],9.0,0.5335653,0.12587976455688477
164,[0.16028158 0.3722251  0.23423643 0.5277827 ],15.0,0.47919136,0.12587976455688477
165,[0.5973995  0.34485325 0.6904956  0.50379133],6.0,0.6640434,0.12322235107421875
165,[0.46029544 0.36979333 0.64435077 0.5924783 ],7.0,0.9985821,0.12322235107421875
165,[0.32942852 0.35070714 0.45047167 0.5134567 ],7.0,0.9888399,0.12322235107421875
165,[0.06340057 0.39580324 0.1448294  0.51673293],7.0,0.8149483,0.12322235107421875
165,[0.17972627 0.3422368  0.3130722  0.5147308 ],7.0,0.74042404,0.12322235107421875
165,[-0.00141115  0.32670867  0.07562354  0.5865247 ],7.0,0.6879583,0.12322235107421875
165,[0.12386461 0.5394737  0.37364194 0.8994369 ],7.0,0.6469529,0.12322235107421875
165,[0.5958236  0.35182178 0.68935937 0.49788845],7.0,0.3847699,0.12322235107421875
165,[0.15788539 0.61368215 0.5042234  1.0787666 ],9.0,0.6796692,0.12322235107421875
165,[0.16173933 0.3639455  0.23670758 0.5231464 ],15.0,0.81209934,0.12322235107421875
166,[0.465998   0.36267444 0.6419607  0.58382285],7.0,0.99888676,0.11535024642944336
166,[0.3446602  0.34715348 0.46219346 0.5164916 ],7.0,0.9951633,0.11535024642944336
166,[0.12716615 0.5336667  0.3824193  0.866298  ],7.0,0.87857616,0.11535024642944336
166,[0.1919188  0.34643996 0.3424775  0.5240919 ],7.0,0.8222552,0.11535024642944336
166,[0.6029869  0.35628167 0.69500333 0.5019728 ],7.0,0.80858934,0.11535024642944336
166,[0.0700151  0.38072106 0.14837344 0.51399535],7.0,0.79728365,0.11535024642944336
166,[-0.00120134  0.3275937   0.08337292  0.5891149 ],7.0,0.691145,0.11535024642944336
166,[0.56998444 0.50417197 0.6583736  0.75992453],14.0,0.63076127,0.11535024642944336
166,[0.16822146 0.34610915 0.24393983 0.5184181 ],15.0,0.85792273,0.11535024642944336
167,[0.46872124 0.36052507 0.6415076  0.58240193],7.0,0.99931824,0.13143467903137207
167,[0.34479466 0.34579968 0.4685764  0.5169401 ],7.0,0.9809629,0.13143467903137207
167,[0.13914676 0.53973085 0.38291287 0.8171502 ],7.0,0.9419198,0.13143467903137207
167,[0.06542496 0.36500478 0.14945671 0.5132676 ],7.0,0.8349708,0.13143467903137207
167,[0.60384953 0.35347235 0.6970855  0.49977082],7.0,0.8244532,0.13143467903137207
167,[0.19509615 0.34813368 0.34253895 0.5293084 ],7.0,0.79324645,0.13143467903137207
167,[0.00177677 0.32682288 0.0871349  0.5761055 ],7.0,0.75352204,0.13143467903137207
167,[0.57094955 0.50171554 0.65712357 0.75572836],14.0,0.3907027,0.13143467903137207
167,[0.17012021 0.3472273  0.2458469  0.5150353 ],15.0,0.8668634,0.13143467903137207
168,[0.46474782 0.35806584 0.65169275 0.58393764],7.0,0.9995943,0.1204531192779541
168,[0.3462227  0.34490398 0.47050047 0.51579964],7.0,0.97956014,0.1204531192779541
168,[0.13566367 0.5187075  0.36689198 0.86084306],7.0,0.8692576,0.1204531192779541
168,[0.07524234 0.3680685  0.15032737 0.51265717],7.0,0.85393643,0.1204531192779541
168,[0.20395151 0.34777543 0.34122    0.52630556],7.0,0.847396,0.1204531192779541
168,[0.00116726 0.32709444 0.09000131 0.5719813 ],7.0,0.80304384,0.1204531192779541
168,[0.6056075  0.35384905 0.6998676  0.5012078 ],7.0,0.7355903,0.1204531192779541
168,[0.57128775 0.5020075  0.6554322  0.7458385 ],14.0,0.6095147,0.1204531192779541
168,[0.16968092 0.35077754 0.24644512 0.5137323 ],15.0,0.847165,0.1204531192779541
168,[0.65709126 0.73774153 0.77371573 0.8918639 ],15.0,0.416759,0.1204531192779541
169,[0.4654304  0.3568298  0.65125895 0.5856503 ],7.0,0.99963295,0.12750911712646484
169,[0.34724534 0.34498015 0.47004688 0.5156735 ],7.0,0.977491,0.12750911712646484
169,[0.60497755 0.35551348 0.7004973  0.5006295 ],7.0,0.8833197,0.12750911712646484
169,[0.20594987 0.34747276 0.34109148 0.52712715],7.0,0.86164457,0.12750911712646484
169,[0.13777687 0.5172869  0.3681267  0.8609965 ],7.0,0.8567185,0.12750911712646484
169,[0.07438757 0.3631995  0.14987403 0.51217514],7.0,0.8442475,0.12750911712646484
169,[0.00093189 0.3267844  0.09042555 0.57271284],7.0,0.75506973,0.12750911712646484
169,[0.5721513 0.5028769 0.6541796 0.7480084],14.0,0.5612325,0.12750911712646484
169,[0.17016545 0.35271323 0.24642861 0.5162242 ],15.0,0.83107597,0.12750911712646484
169,[0.6573608  0.7404709  0.7704009  0.89259624],15.0,0.30686164,0.12750911712646484
170,[0.4628626  0.3546659  0.64743817 0.585861  ],7.0,0.9995745,0.1356513500213623
170,[0.13981351 0.5187627  0.36525616 0.8394772 ],7.0,0.9862365,0.1356513500213623
170,[0.34539363 0.34616122 0.47081336 0.51666826],7.0,0.96592736,0.1356513500213623
170,[0.07478458 0.36703926 0.1534385  0.5076598 ],7.0,0.8936563,0.1356513500213623
170,[0.00092005 0.32883883 0.09046799 0.57231194],7.0,0.8088456,0.1356513500213623
170,[0.19771805 0.35034627 0.34080032 0.5274108 ],7.0,0.7795968,0.1356513500213623
170,[0.6092146  0.3446078  0.69976956 0.4980391 ],7.0,0.7534334,0.1356513500213623
171,[0.46397692 0.35395545 0.6475484  0.584611  ],7.0,0.99971133,0.1214301586151123
171,[0.14361027 0.51101995 0.36727187 0.83685005],7.0,0.97600865,0.1214301586151123
171,[0.34072042 0.34383878 0.47203857 0.5143062 ],7.0,0.9717524,0.1214301586151123
171,[0.08050045 0.37437493 0.15583469 0.5058887 ],7.0,0.90548366,0.1214301586151123
171,[0.6103398  0.35158443 0.70207614 0.49727273],7.0,0.8581134,0.1214301586151123
171,[3.7927553e-04 3.2693413e-01 9.0440124e-02 5.7060516e-01],7.0,0.84860456,0.1214301586151123
171,[0.20661704 0.33489993 0.32664785 0.50389016],7.0,0.8348557,0.1214301586151123
171,[0.17884225 0.3484397  0.24819624 0.5033092 ],15.0,0.66071635,0.1214301586151123
172,[0.46231622 0.3526326  0.63554794 0.5787822 ],7.0,0.9987564,0.13452816009521484
172,[0.13737065 0.5122202  0.37727278 0.82519966],7.0,0.9822812,0.13452816009521484
172,[0.35197762 0.3403039  0.47009507 0.51026   ],7.0,0.97860444,0.13452816009521484
172,[0.605075   0.36086714 0.6972157  0.5004676 ],7.0,0.96909124,0.13452816009521484
172,[0.07460578 0.36330494 0.15118994 0.5003371 ],7.0,0.93839294,0.13452816009521484
172,[-0.00069043  0.32517797  0.08992341  0.58161235],7.0,0.89182687,0.13452816009521484
172,[0.20522004 0.3326151  0.32740146 0.50499403],7.0,0.69272757,0.13452816009521484
172,[0.5623085  0.49795324 0.6424735  0.72192556],14.0,0.9092858,0.13452816009521484
172,[0.17704532 0.33780515 0.24682727 0.49785638],15.0,0.7738701,0.13452816009521484
173,[0.60374004 0.33254626 0.6934609  0.4908223 ],6.0,0.3792146,0.12533831596374512
173,[0.45312744 0.35325754 0.62611705 0.56708825],7.0,0.99823004,0.12533831596374512
173,[0.35265258 0.3379485  0.46784398 0.50983685],7.0,0.96154785,0.12533831596374512
173,[0.1386786  0.5069688  0.36103815 0.8315181 ],7.0,0.90862757,0.12533831596374512
173,[0.00090888 0.32163036 0.08882876 0.5756432 ],7.0,0.8359452,0.12533831596374512
173,[0.07358425 0.35464737 0.14902493 0.4950156 ],7.0,0.73934877,0.12533831596374512
173,[0.20537423 0.32415146 0.32679325 0.5094464 ],7.0,0.71090615,0.12533831596374512
173,[0.60331666 0.3421182  0.6953999  0.4920355 ],7.0,0.70566875,0.12533831596374512
173,[0.56105    0.48641595 0.6387711  0.714509  ],14.0,0.62144583,0.12533831596374512
173,[0.17825621 0.338815   0.24698195 0.49262515],15.0,0.6971869,0.12533831596374512
174,[0.45249313 0.35261247 0.626535   0.5668061 ],7.0,0.99757975,0.1334216594696045
174,[0.35240617 0.33951494 0.4688001  0.5097499 ],7.0,0.94670933,0.1334216594696045
174,[0.13638124 0.5070904  0.38588998 0.82807606],7.0,0.9449324,0.1334216594696045
174,[0.00100267 0.32289383 0.08913351 0.57554233],7.0,0.8484337,0.1334216594696045
174,[0.07317403 0.3550289  0.1491264  0.4954708 ],7.0,0.74166024,0.1334216594696045
174,[0.6031364  0.34978893 0.69582105 0.4936529 ],7.0,0.6962061,0.1334216594696045
174,[0.20774177 0.32322767 0.32730398 0.5091638 ],7.0,0.69413644,0.1334216594696045
174,[0.56146586 0.48227224 0.639114   0.7143904 ],14.0,0.67687905,0.1334216594696045
174,[0.17768258 0.3379373  0.2461561  0.49133635],15.0,0.75023705,0.1334216594696045
175,[0.4551974  0.3522783  0.62298447 0.5678303 ],7.0,0.9978986,0.1309373378753662
175,[0.35024413 0.33563048 0.46515813 0.50804937],7.0,0.98263884,0.1309373378753662
175,[0.13284978 0.4973539  0.3772091  0.82358694],7.0,0.94644094,0.1309373378753662
175,[0.602925   0.35389104 0.69525594 0.48563614],7.0,0.8950031,0.1309373378753662
175,[0.00061197 0.31940055 0.08685438 0.5757573 ],7.0,0.84139735,0.1309373378753662
175,[0.21244982 0.32177803 0.32628164 0.50947565],7.0,0.7903843,0.1309373378753662
175,[0.06873368 0.35415676 0.14878145 0.49551806],7.0,0.7346215,0.1309373378753662
175,[0.17910373 0.3346998  0.24635702 0.48671985],15.0,0.72770846,0.1309373378753662
176,[0.4552586  0.3494148  0.62058043 0.56665784],7.0,0.9951224,0.12882494926452637
176,[0.35354432 0.3338248  0.46282974 0.50770247],7.0,0.9868276,0.12882494926452637
176,[0.13229239 0.48803154 0.36874187 0.82575977],7.0,0.90031177,0.12882494926452637
176,[-9.6149743e-05  3.1929600e-01  8.8411905e-02  5.7154179e-01],7.0,0.8632924,0.12882494926452637
176,[0.06974047 0.3547333  0.15016028 0.4995389 ],7.0,0.833636,0.12882494926452637
176,[0.21293178 0.31999525 0.32366928 0.50503474],7.0,0.80970174,0.12882494926452637
176,[0.6003119  0.35441628 0.69639754 0.48722157],7.0,0.7671935,0.12882494926452637
176,[0.18071902 0.33050025 0.24639758 0.47917825],15.0,0.5974867,0.12882494926452637
176,[0.61644155 0.6696453  0.71084553 0.8777367 ],15.0,0.3193017,0.12882494926452637
177,[0.45439142 0.34392658 0.6266468  0.55884856],7.0,0.9914545,0.11719608306884766
177,[0.36469224 0.3291242  0.46836254 0.50091314],7.0,0.9605656,0.11719608306884766
177,[0.6032952  0.35906017 0.7006217  0.48154807],7.0,0.9479723,0.11719608306884766
177,[0.07761933 0.34883755 0.15595204 0.4958741 ],7.0,0.9182301,0.11719608306884766
177,[-1.9591302e-04  3.1611606e-01  9.2557885e-02  5.6157744e-01],7.0,0.8629081,0.11719608306884766
177,[0.2158997  0.32577682 0.3286308  0.5054811 ],7.0,0.77903694,0.11719608306884766
177,[0.14074466 0.4828224  0.35492423 0.8130467 ],7.0,0.6991225,0.11719608306884766
177,[0.6568956 0.643671  0.9106185 0.8930703],7.0,0.46973515,0.11719608306884766
177,[0.09116805 0.66432023 0.6171818  1.1182112 ],9.0,0.5919074,0.11719608306884766
177,[0.5997045  0.65475583 0.69831073 0.87300265],12.0,0.3125275,0.11719608306884766
177,[0.18440184 0.33576292 0.24689242 0.47345346],15.0,0.6095301,0.11719608306884766
178,[0.60197216 0.36018485 0.7042245  0.47597408],7.0,0.9833814,0.1390988826751709
178,[0.45462793 0.340348   0.6157951  0.55508953],7.0,0.98278564,0.1390988826751709
178,[0.1359084  0.4671805  0.35223588 0.7959305 ],7.0,0.9586154,0.1390988826751709
178,[0.36950302 0.33346388 0.468269   0.48958763],7.0,0.9524453,0.1390988826751709
178,[0.2095108  0.31465483 0.32997483 0.46865487],7.0,0.8390568,0.1390988826751709
178,[0.07617968 0.3439074  0.16175368 0.4987454 ],7.0,0.7250598,0.1390988826751709
178,[0.62661016 0.64229447 0.9024068  0.8883905 ],7.0,0.6793234,0.1390988826751709
178,[1.0988861e-04 3.1137222e-01 9.5307581e-02 5.4501444e-01],7.0,0.64470184,0.1390988826751709
178,[0.18129592 0.32838857 0.28496397 0.45930105],7.0,0.39600334,0.1390988826751709
178,[0.5988011 0.641041  0.6868647 0.8622156],8.0,0.44034752,0.1390988826751709
178,[0.5965021  0.65203094 0.69074017 0.8772464 ],12.0,0.6600168,0.1390988826751709
178,[0.56748456 0.4001904  0.6493903  0.70282143],14.0,0.3555405,0.1390988826751709
179,[0.4519876 0.3407516 0.6124704 0.5519295],7.0,0.98819155,0.12726116180419922
179,[0.6027252  0.35968435 0.70408314 0.4768771 ],7.0,0.97777814,0.12726116180419922
179,[0.36843356 0.33162013 0.46927944 0.49160615],7.0,0.95331883,0.12726116180419922
179,[0.13582695 0.46713805 0.3521534  0.8025236 ],7.0,0.93428254,0.12726116180419922
179,[0.20679456 0.3147949  0.33023107 0.46957082],7.0,0.7869033,0.12726116180419922
179,[1.1904538e-04 3.1147033e-01 9.4981022e-02 5.4733610e-01],7.0,0.6780324,0.12726116180419922
179,[0.0758614  0.3443317  0.16209987 0.49726596],7.0,0.64318454,0.12726116180419922
179,[0.6241262  0.63970774 0.90154254 0.8854812 ],7.0,0.452387,0.12726116180419922
179,[0.59978795 0.64427537 0.68631804 0.8598172 ],8.0,0.30635342,0.12726116180419922
179,[-2.6908889e-04  3.0965137e-01  9.6239015e-02  5.4063505e-01],9.0,0.3026979,0.12726116180419922
179,[0.59653604 0.6505308  0.6908827  0.87547874],12.0,0.5330986,0.12726116180419922
180,[0.60094464 0.35509402 0.70238256 0.47226113],7.0,0.9741091,0.1312580108642578
180,[0.45497686 0.33759823 0.6133743  0.55398303],7.0,0.96974134,0.1312580108642578
180,[0.20908779 0.31328082 0.33197212 0.46067834],7.0,0.91946,0.1312580108642578
180,[0.1341309  0.46536556 0.3520178  0.775159  ],7.0,0.83519936,0.1312580108642578
180,[0.36734158 0.33118066 0.46795785 0.48104373],7.0,0.8244525,0.1312580108642578
180,[0.0023597  0.30572072 0.09483433 0.53634   ],7.0,0.8048316,0.1312580108642578
180,[0.08158867 0.3426666  0.16520892 0.49735954],7.0,0.797199,0.1312580108642578
180,[0.6157947 0.6310003 0.8958115 0.8770822],7.0,0.571541,0.1312580108642578
180,[0.18370335 0.3278368  0.27998152 0.45266896],7.0,0.31752038,0.1312580108642578
180,[0.39342758 0.33301696 0.5656376  0.51879   ],7.0,0.31346196,0.1312580108642578
180,[0.09209436 0.6335069  0.5889806  1.1115146 ],9.0,0.5680916,0.1312580108642578
181,[0.1399956  0.4670728  0.35676122 0.76808214],7.0,0.9962853,0.1301255226135254
181,[0.46117198 0.33735678 0.610368   0.55052423],7.0,0.98042405,0.1301255226135254
181,[0.3820839  0.32690218 0.47512197 0.4830993 ],7.0,0.9770328,0.1301255226135254
181,[0.21418664 0.31297708 0.33687553 0.46598762],7.0,0.9481266,0.1301255226135254
181,[0.6039252  0.35621503 0.70401657 0.472931  ],7.0,0.87280786,0.1301255226135254
181,[0.08338853 0.33994997 0.16545933 0.49396473],7.0,0.60542524,0.1301255226135254
181,[0.6168818  0.61597997 0.8881205  0.8724218 ],7.0,0.52624136,0.1301255226135254
181,[0.00206466 0.30687112 0.10277094 0.5351057 ],7.0,0.5050887,0.1301255226135254
181,[0.55841905 0.44395483 0.63798684 0.672542  ],14.0,0.55313975,0.1301255226135254
182,[0.14139026 0.45651573 0.35918826 0.7405427 ],7.0,0.99889284,0.11448502540588379
182,[0.45645276 0.3310443  0.61142457 0.5393033 ],7.0,0.95693666,0.11448502540588379
182,[0.6263024  0.6041353  0.8818     0.88320327],7.0,0.9466435,0.11448502540588379
182,[0.386357   0.32716072 0.48208123 0.48056608],7.0,0.93395245,0.11448502540588379
182,[0.08960006 0.3538085  0.17105025 0.49267218],7.0,0.88491493,0.11448502540588379
182,[0.6063265  0.32427034 0.70370775 0.47568557],7.0,0.875632,0.11448502540588379
182,[0.2161972 0.3139296 0.3432535 0.4557353],7.0,0.7572042,0.11448502540588379
182,[0.00155206 0.30993202 0.10580985 0.534255  ],7.0,0.70490825,0.11448502540588379
183,[0.1384145  0.45409077 0.35749787 0.7386752 ],7.0,0.9998343,0.11475324630737305
183,[0.46075365 0.33148733 0.6110492  0.54192257],7.0,0.9586296,0.11475324630737305
183,[0.6176797  0.6065914  0.87340474 0.88521284],7.0,0.95819205,0.11475324630737305
183,[0.38499874 0.32821438 0.47618043 0.47519293],7.0,0.94236374,0.11475324630737305
183,[0.61338055 0.33840752 0.7103437  0.4747309 ],7.0,0.9340214,0.11475324630737305
183,[0.09117861 0.34146625 0.17266284 0.47969615],7.0,0.8896266,0.11475324630737305
183,[0.23202395 0.310034   0.34071642 0.4667907 ],7.0,0.69085073,0.11475324630737305
183,[0.00140751 0.3218494  0.10972224 0.5515039 ],7.0,0.5777376,0.11475324630737305
183,[0.01905891 0.6361503  0.4412303  1.0226886 ],9.0,0.45539686,0.11475324630737305
184,[0.13823691 0.45470136 0.35750443 0.739265  ],7.0,0.9997985,0.13217568397521973
184,[0.61780024 0.6026535  0.8753849  0.8816669 ],7.0,0.9763559,0.13217568397521973
184,[0.45808497 0.33145767 0.61244285 0.54025304],7.0,0.944953,0.13217568397521973
184,[0.6135775  0.3385921  0.7111137  0.47308785],7.0,0.944115,0.13217568397521973
184,[0.38421905 0.32828563 0.478428   0.47414434],7.0,0.91930926,0.13217568397521973
184,[0.09025568 0.34087837 0.17233577 0.48068494],7.0,0.8657525,0.13217568397521973
184,[0.22631897 0.3093621  0.3399165  0.45938337],7.0,0.70917016,0.13217568397521973
184,[0.00136746 0.3199178  0.10901969 0.5504961 ],7.0,0.53038603,0.13217568397521973
184,[0.02102956 0.6412227  0.4480218  1.0194638 ],9.0,0.41185695,0.13217568397521973
185,[0.14549513 0.448606   0.35737187 0.72873175],7.0,0.99998176,0.12075543403625488
185,[0.46171442 0.32934415 0.61710244 0.5387801 ],7.0,0.98223555,0.12075543403625488
185,[0.38432172 0.32350665 0.4796082  0.47675502],7.0,0.92172074,0.12075543403625488
185,[0.09328521 0.34229636 0.17396349 0.49034297],7.0,0.9112989,0.12075543403625488
185,[0.61714923 0.3371207  0.70906854 0.47167188],7.0,0.8640574,0.12075543403625488
185,[0.6018302 0.6023127 0.8704185 0.8821162],7.0,0.8582294,0.12075543403625488
185,[0.2288056  0.3121871  0.34778452 0.46063182],7.0,0.75146145,0.12075543403625488
185,[0.00137766 0.32007843 0.11096092 0.55217874],7.0,0.59992355,0.12075543403625488
186,[0.14798355 0.44014862 0.35845667 0.7265699 ],7.0,0.99941635,0.13165068626403809
186,[0.46678567 0.3284781  0.6250795  0.5376502 ],7.0,0.97582823,0.13165068626403809
186,[0.40483955 0.3144821  0.4875225  0.46344787],7.0,0.95782745,0.13165068626403809
186,[0.09415819 0.3352038  0.17990996 0.4939902 ],7.0,0.9552116,0.13165068626403809
186,[0.6217459  0.34247717 0.71135813 0.47078493],7.0,0.9052269,0.13165068626403809
186,[0.23860022 0.31210208 0.35120156 0.45044774],7.0,0.7763083,0.13165068626403809
186,[0.00156901 0.31807548 0.11337174 0.54683524],7.0,0.55893254,0.13165068626403809
186,[0.3555634  0.3247833  0.45223415 0.47346726],7.0,0.51751906,0.13165068626403809
186,[0.60283935 0.5843582  0.86645544 0.8660221 ],7.0,0.4539433,0.13165068626403809
186,[0.08068359 0.71059096 0.65340585 1.1264957 ],9.0,0.4222193,0.13165068626403809
186,[0.20340455 0.3132725  0.26434627 0.42357466],15.0,0.32269546,0.13165068626403809
187,[0.40950996 0.2962866  0.5000595  0.43250385],6.0,0.30778673,0.12290239334106445
187,[0.15821145 0.4354956  0.3585999  0.71483517],7.0,0.99972326,0.12290239334106445
187,[0.59673023 0.5742589  0.86021984 0.8596257 ],7.0,0.9992487,0.12290239334106445
187,[0.46797448 0.31900486 0.63544446 0.5211317 ],7.0,0.9929368,0.12290239334106445
187,[0.4056288  0.30941877 0.48926097 0.45883986],7.0,0.9657329,0.12290239334106445
187,[0.09766635 0.33335435 0.1859769  0.4802552 ],7.0,0.94355935,0.12290239334106445
187,[0.62596124 0.3355406  0.7150708  0.46575195],7.0,0.9270357,0.12290239334106445
187,[0.24448399 0.30905247 0.35874277 0.4676612 ],7.0,0.7970295,0.12290239334106445
187,[0.00405577 0.31772786 0.13051179 0.525796  ],7.0,0.58094364,0.12290239334106445
187,[0.3614217  0.325991   0.4251443  0.46789518],7.0,0.30972853,0.12290239334106445
187,[0.07824972 0.6639637  0.64152884 1.1083777 ],9.0,0.49790016,0.12290239334106445
188,[0.15870899 0.42760962 0.3619154  0.7048027 ],7.0,0.9994555,0.12582921981811523
188,[0.46759182 0.3146656  0.63347656 0.5190451 ],7.0,0.9975999,0.12582921981811523
188,[0.62332475 0.33563253 0.7150544  0.46102485],7.0,0.9833605,0.12582921981811523
188,[0.24624497 0.30832514 0.35572714 0.47049937],7.0,0.9348356,0.12582921981811523
188,[0.09659936 0.33067787 0.18518536 0.49224293],7.0,0.9020421,0.12582921981811523
188,[0.40843835 0.3106595  0.48835847 0.4560785 ],7.0,0.8891872,0.12582921981811523
188,[0.5897047  0.57032895 0.8543951  0.8622037 ],7.0,0.84952396,0.12582921981811523
188,[0.01052258 0.31872976 0.1403954  0.52409786],7.0,0.7335785,0.12582921981811523
188,[0.35285875 0.33412984 0.43950912 0.45477095],7.0,0.320892,0.12582921981811523
188,[0.08090746 0.6661707  0.646041   1.1140789 ],9.0,0.7353712,0.12582921981811523
189,[0.16292842 0.4185014  0.35995573 0.6942719 ],7.0,0.99990404,0.12360906600952148
189,[0.5783742 0.5540942 0.8550647 0.8660569],7.0,0.99625576,0.12360906600952148
189,[0.46785256 0.31146666 0.6214299  0.51344883],7.0,0.9893277,0.12360906600952148
189,[0.24345705 0.30436265 0.3573126  0.45558685],7.0,0.9050931,0.12360906600952148
189,[0.6261674  0.3363497  0.7147343  0.45520392],7.0,0.8740221,0.12360906600952148
189,[0.00761629 0.31241137 0.13226542 0.52077806],7.0,0.8549042,0.12360906600952148
189,[0.10360725 0.33122408 0.1876751  0.4781112 ],7.0,0.84019303,0.12360906600952148
189,[0.41302672 0.30642664 0.48465338 0.4545611 ],7.0,0.60009366,0.12360906600952148
189,[0.08002153 0.64054215 0.6349876  1.1151655 ],9.0,0.8797954,0.12360906600952148
189,[0.56279874 0.3292232  0.6368414  0.55554163],15.0,0.46250242,0.12360906600952148
190,[0.1628834  0.41869268 0.36035067 0.6945679 ],7.0,0.9998995,0.13398981094360352
190,[0.5763191  0.55069983 0.85608625 0.8677895 ],7.0,0.99625444,0.13398981094360352
190,[0.46715772 0.3114363  0.62224925 0.5128104 ],7.0,0.98421764,0.13398981094360352
190,[0.62572837 0.3356471  0.7157881  0.45564198],7.0,0.9042233,0.13398981094360352
190,[0.2426535  0.30494863 0.35650957 0.45458347],7.0,0.89302427,0.13398981094360352
190,[0.10517251 0.33305702 0.18771908 0.47802225],7.0,0.87802577,0.13398981094360352
190,[0.00765866 0.31213462 0.13228402 0.5214176 ],7.0,0.87225246,0.13398981094360352
190,[0.41343844 0.30849215 0.48307675 0.45518598],7.0,0.53754723,0.13398981094360352
190,[0.08072856 0.6437386  0.6378542  1.1190163 ],9.0,0.9521283,0.13398981094360352
190,[0.5634355 0.3241422 0.6364916 0.5511833],15.0,0.37971058,0.13398981094360352
191,[0.16400287 0.4164135  0.3615022  0.6943272 ],7.0,0.9998826,0.12110328674316406
191,[0.5758187  0.54864734 0.850339   0.8640172 ],7.0,0.99635315,0.12110328674316406
191,[0.47389245 0.3116662  0.6233412  0.5127465 ],7.0,0.98804796,0.12110328674316406
191,[0.62743634 0.3360455  0.7270382  0.45581836],7.0,0.9701358,0.12110328674316406
191,[0.24414563 0.30466068 0.35978723 0.4574136 ],7.0,0.9575816,0.12110328674316406
191,[0.00966544 0.31140968 0.14978313 0.521935  ],7.0,0.93159306,0.12110328674316406
191,[0.10391802 0.32917058 0.19165534 0.48628324],7.0,0.86880547,0.12110328674316406
191,[0.07742655 0.6293841  0.6301806  1.1098465 ],9.0,0.77250963,0.12110328674316406
192,[0.4751058  0.31160963 0.6467574  0.52365875],6.0,0.72959816,0.12321829795837402
192,[0.17197222 0.41158193 0.36704147 0.70667845],7.0,0.998415,0.12321829795837402
192,[0.00795468 0.30856398 0.15381917 0.5196163 ],7.0,0.99133474,0.12321829795837402
192,[0.5711374  0.53567594 0.84828293 0.8593288 ],7.0,0.98284584,0.12321829795837402
192,[0.11010151 0.3287158  0.19179104 0.47933775],7.0,0.81163406,0.12321829795837402
192,[0.47026446 0.31110513 0.65517485 0.52947253],7.0,0.5268286,0.12321829795837402
192,[0.25644264 0.31200165 0.36137435 0.46613932],7.0,0.4198337,0.12321829795837402
192,[0.63864917 0.32656235 0.72747856 0.45762795],7.0,0.35728413,0.12321829795837402
192,[0.0838885  0.62292844 0.5877006  1.1034063 ],15.0,0.3149414,0.12321829795837402
193,[0.1675739  0.40337592 0.37134    0.68392855],7.0,0.99884784,0.13051939010620117
193,[0.56098676 0.5323726  0.83888507 0.8543972 ],7.0,0.99170274,0.13051939010620117
193,[0.4675562  0.31154585 0.65726423 0.52671254],7.0,0.9914875,0.13051939010620117
193,[0.00898414 0.30928278 0.14472663 0.5165687 ],7.0,0.97597086,0.13051939010620117
193,[0.10979533 0.32661012 0.19589758 0.46698675],7.0,0.83940893,0.13051939010620117
193,[0.25177336 0.31377196 0.3641016  0.4765585 ],7.0,0.67004895,0.13051939010620117
193,[0.6443347  0.32826027 0.73096275 0.45137808],7.0,0.6218135,0.13051939010620117
193,[0.08744404 0.63483644 0.63926625 1.0996144 ],9.0,0.93011516,0.13051939010620117
194,[0.16921476 0.3931402  0.36693236 0.69148314],7.0,0.9990414,0.13158249855041504
194,[0.5601085  0.5227494  0.83600646 0.850772  ],7.0,0.9980129,0.13158249855041504
194,[0.00644723 0.30250832 0.1479038  0.5145945 ],7.0,0.9843007,0.13158249855041504
194,[0.46671307 0.31639758 0.6585803  0.51501083],7.0,0.9789296,0.13158249855041504
194,[0.11016542 0.3249276  0.19697401 0.4677821 ],7.0,0.6035503,0.13158249855041504
194,[0.25490993 0.311138   0.36628836 0.47606847],7.0,0.5974401,0.13158249855041504
194,[0.63537455 0.32836252 0.732314   0.44840312],7.0,0.52268296,0.13158249855041504
194,[0.08206725 0.6391341  0.6406127  1.099628  ],9.0,0.6374445,0.13158249855041504
195,[0.16943546 0.39372185 0.3672526  0.6905893 ],7.0,0.9987896,0.1279447078704834
195,[0.5589391  0.5240517  0.8360548  0.85219926],7.0,0.996872,0.1279447078704834
195,[0.00653337 0.30289945 0.14840366 0.51485324],7.0,0.98581713,0.1279447078704834
195,[0.46645442 0.31669945 0.6590903  0.51404786],7.0,0.97976,0.1279447078704834
195,[0.6348161  0.33167788 0.7336399  0.44709536],7.0,0.6533977,0.1279447078704834
195,[0.25517344 0.31164306 0.3647353  0.47643578],7.0,0.6044109,0.1279447078704834
195,[0.11135924 0.3256194  0.19731078 0.4669261 ],7.0,0.60422885,0.1279447078704834
195,[0.08536392 0.64142823 0.64357233 1.1039678 ],9.0,0.5834124,0.1279447078704834
196,[0.16909392 0.39313638 0.37005687 0.6875149 ],7.0,0.9962065,0.12108421325683594
196,[0.5578934  0.5221638  0.82324266 0.85182303],7.0,0.9882802,0.12108421325683594
196,[0.0083366  0.30243215 0.14902192 0.5175755 ],7.0,0.9850953,0.12108421325683594
196,[0.47574157 0.30924666 0.6385754  0.5030118 ],7.0,0.9703001,0.12108421325683594
196,[0.11789338 0.32690504 0.19614448 0.47545615],7.0,0.81852996,0.12108421325683594
196,[0.24741793 0.31013396 0.3626849  0.475673  ],7.0,0.5180313,0.12108421325683594
196,[0.08351079 0.63440144 0.64036703 1.1028186 ],9.0,0.5952484,0.12108421325683594
196,[0.56532395 0.32369542 0.64616215 0.52360505],15.0,0.34565258,0.12108421325683594
197,[0.557517   0.5080229  0.8088133  0.84545743],7.0,0.9979997,0.12017250061035156
197,[0.1744116  0.38711578 0.3657127  0.6777397 ],7.0,0.989813,0.12017250061035156
197,[0.00937793 0.30035892 0.1510826  0.5170378 ],7.0,0.9832755,0.12017250061035156
197,[0.47440228 0.30941817 0.639119   0.49374375],7.0,0.9790925,0.12017250061035156
197,[0.12019342 0.32350388 0.19678727 0.4672126 ],7.0,0.9432632,0.12017250061035156
197,[0.09432197 0.62557876 0.6329544  1.1214671 ],7.0,0.6614625,0.12017250061035156
197,[0.2544862  0.30572283 0.36834782 0.4793508 ],7.0,0.51185143,0.12017250061035156
198,[0.55048776 0.49952158 0.80512834 0.84329665],7.0,0.9990576,0.12276291847229004
198,[0.17729749 0.38678902 0.36518276 0.66414505],7.0,0.9984744,0.12276291847229004
198,[0.00945649 0.2974512  0.157149   0.516767  ],7.0,0.9920769,0.12276291847229004
198,[0.47190726 0.3040611  0.6374363  0.4936459 ],7.0,0.99060374,0.12276291847229004
198,[0.12242758 0.32270944 0.19858769 0.46529353],7.0,0.8972068,0.12276291847229004
198,[0.25129202 0.29770616 0.37080374 0.46360072],7.0,0.64586383,0.12276291847229004
198,[0.12816821 0.6127702  0.62294036 1.1060054 ],7.0,0.43596378,0.12276291847229004
198,[0.5617257  0.32251728 0.6532182  0.47730047],7.0,0.38712117,0.12276291847229004
198,[0.24784115 0.56807166 0.55055916 0.84427744],7.0,0.37351438,0.12276291847229004
198,[0.5529088  0.31377134 0.6185293  0.5502333 ],15.0,0.45862418,0.12276291847229004
199,[0.55299366 0.50071996 0.8009962  0.83151823],7.0,0.9988741,0.12385797500610352
199,[0.18175921 0.3848799  0.36207137 0.66438156],7.0,0.996682,0.12385797500610352
199,[0.01027786 0.29665476 0.16360441 0.51392746],7.0,0.9965754,0.12385797500610352
199,[0.4727704  0.30319157 0.64316934 0.49466774],7.0,0.99450195,0.12385797500610352
199,[0.12254567 0.32183632 0.199849   0.46568903],7.0,0.81013227,0.12385797500610352
199,[0.24160463 0.561229   0.5455824  0.83920586],7.0,0.70884585,0.12385797500610352
199,[0.25060436 0.2973847  0.37360367 0.46730033],7.0,0.3640134,0.12385797500610352
199,[0.21046296 0.33132917 0.37624803 0.5337691 ],7.0,0.35248822,0.12385797500610352
199,[0.5536085  0.32356942 0.6166659  0.55143774],15.0,0.5594031,0.12385797500610352
200,[0.5536734 0.5000011 0.8005953 0.832718 ],7.0,0.99744034,0.13146209716796875
200,[0.18219712 0.38508147 0.3618745  0.66680926],7.0,0.9968645,0.13146209716796875
200,[0.01036845 0.29689714 0.16569108 0.5148773 ],7.0,0.9967378,0.13146209716796875
200,[0.4721427 0.3030192 0.6352184 0.4926993],7.0,0.9938553,0.13146209716796875
200,[0.12282169 0.32148924 0.1998379  0.46653607],7.0,0.8140082,0.13146209716796875
200,[0.24563576 0.56024855 0.54613435 0.84211534],7.0,0.61903363,0.13146209716796875
200,[0.2520528  0.29662853 0.37323144 0.46708298],7.0,0.44653538,0.13146209716796875
200,[0.20951158 0.33149776 0.37516427 0.5361223 ],7.0,0.3377298,0.13146209716796875
200,[0.5526246  0.3235706  0.6176517  0.55210024],15.0,0.55364287,0.13146209716796875
201,[0.0102924  0.2951968  0.16620147 0.5107354 ],7.0,0.9967169,0.13433551788330078
201,[0.19029337 0.38532966 0.36380827 0.6148861 ],7.0,0.9921508,0.13433551788330078
201,[0.5531555  0.49511316 0.79835147 0.8289877 ],7.0,0.9910607,0.13433551788330078
201,[0.47105646 0.3024096  0.6448457  0.4909615 ],7.0,0.9848721,0.13433551788330078
201,[0.12401623 0.32205796 0.2005699  0.46666133],7.0,0.69455063,0.13433551788330078
201,[0.2436297  0.2945915  0.37125152 0.47093666],7.0,0.65507746,0.13433551788330078
201,[0.24600564 0.55395377 0.5559631  0.95494723],7.0,0.3404556,0.13433551788330078
201,[0.5539879  0.33584562 0.61453694 0.54214585],15.0,0.39341575,0.13433551788330078
202,[0.1872541  0.37793612 0.3658813  0.6372163 ],7.0,0.9961123,0.11867570877075195
202,[0.54631674 0.4850541  0.78819335 0.80055034],7.0,0.995047,0.11867570877075195
202,[0.01338937 0.2937192  0.15904215 0.5013256 ],7.0,0.99207485,0.11867570877075195
202,[0.4789717  0.29766777 0.657429   0.49527463],7.0,0.9881897,0.11867570877075195
202,[0.12686375 0.32479155 0.19901726 0.458785  ],7.0,0.80096513,0.11867570877075195
202,[0.26260692 0.53504777 0.5256806  0.77400935],7.0,0.760873,0.11867570877075195
202,[0.20908043 0.3354873  0.37663653 0.5262908 ],7.0,0.5742639,0.11867570877075195
202,[0.24409308 0.2943281  0.3689835  0.4590888 ],7.0,0.3901681,0.11867570877075195
202,[0.09931777 0.6003642  0.59837425 1.0938871 ],9.0,0.8922899,0.11867570877075195
203,[0.18853593 0.3691578  0.3672561  0.63503647],7.0,0.9983923,0.11427736282348633
203,[0.4760034  0.29911596 0.68024194 0.49578476],7.0,0.99647456,0.11427736282348633
203,[0.01284004 0.2904116  0.1547656  0.50007886],7.0,0.9909999,0.11427736282348633
203,[0.54006803 0.47062868 0.7925072  0.7849601 ],7.0,0.9890537,0.11427736282348633
203,[0.12822093 0.32589003 0.19851963 0.45947972],7.0,0.8763127,0.11427736282348633
203,[0.25752595 0.28649056 0.38640514 0.45004803],7.0,0.4697704,0.11427736282348633
203,[0.383079   0.31617337 0.46711934 0.4369883 ],7.0,0.45460954,0.11427736282348633
203,[0.23607345 0.5342538  0.52505535 0.8644003 ],7.0,0.3545772,0.11427736282348633
203,[0.14670075 0.59524643 0.5893303  1.0988817 ],9.0,0.9636094,0.11427736282348633
204,[0.19001573 0.3658753  0.36493927 0.62868077],7.0,0.99860954,0.13815760612487793
204,[0.01630738 0.29048052 0.16021097 0.49842784],7.0,0.99336666,0.13815760612487793
204,[0.54052305 0.4526399  0.78508174 0.77482235],7.0,0.97538006,0.13815760612487793
204,[0.4741436  0.3004645  0.644627   0.48133326],7.0,0.9632726,0.13815760612487793
204,[0.12408248 0.31170183 0.20043108 0.45126152],7.0,0.58879256,0.13815760612487793
204,[0.25797826 0.29111177 0.38740355 0.44650346],7.0,0.5321692,0.13815760612487793
204,[0.24181499 0.51974523 0.5189846  0.77127385],7.0,0.42261344,0.13815760612487793
204,[0.11356069 0.5912085  0.575733   1.0999761 ],9.0,0.85057145,0.13815760612487793
205,[0.18968186 0.36531094 0.36541668 0.6270648 ],7.0,0.99834466,0.13027596473693848
205,[0.01710251 0.29014927 0.16226342 0.4991746 ],7.0,0.9935016,0.13027596473693848
205,[0.5409752  0.454579   0.78351295 0.77571404],7.0,0.99210936,0.13027596473693848
205,[0.47462544 0.2996726  0.63652027 0.48097408],7.0,0.95194674,0.13027596473693848
205,[0.12414943 0.31184095 0.20029844 0.45100683],7.0,0.6101147,0.13027596473693848
205,[0.25843918 0.289887   0.38867778 0.4482264 ],7.0,0.5866897,0.13027596473693848
205,[0.24135037 0.52262557 0.5202532  0.7961658 ],7.0,0.37466332,0.13027596473693848
205,[0.38040954 0.32075167 0.46449846 0.4362887 ],7.0,0.34290987,0.13027596473693848
205,[0.56883246 0.30207703 0.6749274  0.44064566],7.0,0.32928583,0.13027596473693848
205,[0.13379441 0.5902221  0.58099675 1.0993053 ],9.0,0.91586727,0.13027596473693848
206,[0.18868184 0.36380386 0.35999477 0.61575234],7.0,0.9946772,0.12429952621459961
206,[0.01543324 0.28896847 0.16900861 0.4955574 ],7.0,0.9939499,0.12429952621459961
206,[0.527989   0.45508555 0.76428646 0.779022  ],7.0,0.9937704,0.12429952621459961
206,[0.47019887 0.300174   0.6294106  0.47660208],7.0,0.95265853,0.12429952621459961
206,[0.39148358 0.30638233 0.46259525 0.43831143],7.0,0.8558146,0.12429952621459961
206,[0.24622704 0.28546488 0.3757311  0.44857323],7.0,0.80605984,0.12429952621459961
206,[0.55812633 0.29529965 0.67932117 0.44422668],7.0,0.6255541,0.12429952621459961
206,[0.12229285 0.31735706 0.19848439 0.4608701 ],7.0,0.4577099,0.12429952621459961
206,[0.30991066 0.28457803 0.3932023  0.44215935],7.0,0.30090013,0.12429952621459961
207,[0.17297176 0.36412096 0.35600784 0.6194233 ],7.0,0.98895746,0.12334656715393066
207,[0.5201426  0.45021755 0.74427146 0.77451974],7.0,0.98493457,0.12334656715393066
207,[0.00997035 0.2904616  0.14804786 0.49346036],7.0,0.97992706,0.12334656715393066
207,[0.46654263 0.30083412 0.6128532  0.4804886 ],7.0,0.8750473,0.12334656715393066
207,[0.24618365 0.28614348 0.36756977 0.45759887],7.0,0.8701891,0.12334656715393066
207,[0.4414534  0.28448334 0.55939287 0.4562283 ],7.0,0.83562165,0.12334656715393066
207,[0.18793349 0.33493108 0.3564275  0.50027674],7.0,0.8225543,0.12334656715393066
207,[0.11513248 0.30768713 0.18773857 0.46227172],7.0,0.43146944,0.12334656715393066
207,[0.38931862 0.3151813  0.45202526 0.44311014],7.0,0.3962464,0.12334656715393066
207,[0.11523148 0.581262   0.5696933  1.094618  ],9.0,0.99114424,0.12334656715393066
208,[0.16563211 0.36860126 0.32905203 0.61625135],7.0,0.9935818,0.13087058067321777
208,[0.00782789 0.29234862 0.14698663 0.4947368 ],7.0,0.97695756,0.13087058067321777
208,[0.45004886 0.30057335 0.6146025  0.4772517 ],7.0,0.968276,0.13087058067321777
208,[0.5116055  0.44284016 0.73038185 0.76650697],7.0,0.95442,0.13087058067321777
208,[0.23926191 0.28681067 0.36227626 0.45474502],7.0,0.90898824,0.13087058067321777
208,[0.1855256  0.3328465  0.34828925 0.479494  ],7.0,0.5981253,0.13087058067321777
208,[0.11044903 0.3213373  0.18118258 0.46302065],7.0,0.57518804,0.13087058067321777
208,[0.17244935 0.50180197 0.49415773 1.0062692 ],7.0,0.4714644,0.13087058067321777
208,[0.38002133 0.31047648 0.44875228 0.43567836],7.0,0.4299586,0.13087058067321777
208,[0.12251109 0.5801707  0.56225544 1.0826774 ],9.0,0.9882308,0.13087058067321777
209,[0.5627002  0.3051405  0.7027984  0.42700565],6.0,0.3081132,0.13405203819274902
209,[0.49389833 0.43996784 0.7188048  0.74693954],7.0,0.9985549,0.13405203819274902
209,[0.23947273 0.28695673 0.35234374 0.45685244],7.0,0.97478014,0.13405203819274902
209,[0.44303542 0.2996934  0.60068375 0.4762243 ],7.0,0.95394444,0.13405203819274902
209,[0.00850792 0.29387528 0.14115094 0.49152213],7.0,0.94547844,0.13405203819274902
209,[0.15963762 0.36307925 0.32099587 0.5947491 ],7.0,0.92277014,0.13405203819274902
209,[0.16662143 0.4931887  0.47923625 1.0292063 ],7.0,0.85034865,0.13405203819274902
209,[0.10576744 0.32823235 0.1724677  0.46129996],7.0,0.4938237,0.13405203819274902
209,[0.16624448 0.32876506 0.3230594  0.4875827 ],7.0,0.44604617,0.13405203819274902
209,[0.36670542 0.30009145 0.42916024 0.43937272],7.0,0.39395502,0.13405203819274902
209,[0.53354114 0.2834102  0.65862864 0.4161309 ],7.0,0.37640128,0.13405203819274902
209,[0.14364427 0.5747527  0.54835796 1.0747977 ],9.0,0.99250925,0.13405203819274902
210,[0.4932661  0.44069308 0.71837914 0.7465976 ],7.0,0.9991054,0.1204383373260498
210,[0.23985767 0.28731307 0.3532877  0.45638356],7.0,0.9738787,0.1204383373260498
210,[0.44362727 0.30140793 0.6042005  0.47773445],7.0,0.96467084,0.1204383373260498
210,[0.15966128 0.3630032  0.32200134 0.59900403],7.0,0.96157765,0.1204383373260498
210,[0.00877643 0.29423916 0.13963762 0.49124348],7.0,0.9434897,0.1204383373260498
210,[0.16884202 0.49510327 0.48053515 1.0333338 ],7.0,0.8756035,0.1204383373260498
210,[0.10662717 0.327761   0.17208779 0.4613285 ],7.0,0.488075,0.1204383373260498
210,[0.53066653 0.28414908 0.66153926 0.41645125],7.0,0.45897353,0.1204383373260498
210,[0.16550922 0.32904512 0.3228039  0.4881221 ],7.0,0.3943841,0.1204383373260498
210,[0.36571547 0.3011105  0.42845622 0.4382425 ],7.0,0.35009682,0.1204383373260498
210,[0.14305419 0.5751654  0.5435383  1.0744518 ],9.0,0.9901258,0.1204383373260498
211,[0.5717562  0.31851512 0.7086759  0.42942798],6.0,0.46322417,0.12841391563415527
211,[0.49074674 0.43251553 0.7121655  0.7426009 ],7.0,0.9997824,0.12841391563415527
211,[0.1553129  0.36112738 0.3182285  0.6029171 ],7.0,0.9872772,0.12841391563415527
211,[0.16671482 0.49809387 0.467186   1.0074681 ],7.0,0.9701217,0.12841391563415527
211,[0.01188546 0.2961849  0.14652736 0.48994458],7.0,0.94669956,0.12841391563415527
211,[0.42446783 0.28478014 0.5480031  0.4369071 ],7.0,0.9202478,0.12841391563415527
211,[0.21696183 0.28745124 0.34326681 0.45052806],7.0,0.8223069,0.12841391563415527
211,[0.3583777  0.30798393 0.42773342 0.43902045],7.0,0.56392854,0.12841391563415527
211,[0.15974458 0.32506537 0.31399763 0.47913718],7.0,0.40919518,0.12841391563415527
211,[0.44212335 0.30322942 0.5939935  0.4852983 ],7.0,0.40302986,0.12841391563415527
211,[0.19017781 0.57334    0.5307955  1.044326  ],9.0,0.9932996,0.12841391563415527
212,[0.48426855 0.42608804 0.69932675 0.72093576],7.0,0.9999045,0.13176250457763672
212,[0.14668858 0.35614312 0.309679   0.6083462 ],7.0,0.9964089,0.13176250457763672
212,[0.21852393 0.28630397 0.33829778 0.45393553],7.0,0.9474406,0.13176250457763672
212,[0.41770634 0.27684516 0.53383124 0.4595279 ],7.0,0.9063875,0.13176250457763672
212,[0.00269987 0.27442452 0.11588643 0.4732233 ],7.0,0.87869316,0.13176250457763672
212,[0.16015363 0.49439278 0.46588928 0.968052  ],7.0,0.8634768,0.13176250457763672
212,[0.5408161  0.30189988 0.63949114 0.41284147],7.0,0.7595623,0.13176250457763672
212,[0.3598864  0.3014012  0.42713517 0.4375227 ],7.0,0.5926457,0.13176250457763672
212,[0.09368517 0.32538852 0.16435833 0.4607226 ],7.0,0.5251748,0.13176250457763672
212,[0.4491642  0.30260202 0.58963555 0.48311165],7.0,0.3800168,0.13176250457763672
212,[0.15770024 0.32370314 0.30685624 0.4778001 ],7.0,0.3420457,0.13176250457763672
212,[0.18083443 0.5775664  0.5254026  1.0516982 ],9.0,0.97024494,0.13176250457763672
213,[0.47907022 0.41935876 0.6926819  0.7125238 ],7.0,0.99987984,0.13171911239624023
213,[0.14843634 0.35127807 0.312722   0.6011911 ],7.0,0.9983462,0.13171911239624023
213,[0.21503052 0.28575692 0.34033725 0.45023414],7.0,0.9505333,0.13171911239624023
213,[0.15034904 0.490656   0.46347415 1.0027151 ],7.0,0.9438727,0.13171911239624023
213,[0.41698813 0.2736182  0.5367023  0.47063014],7.0,0.91477245,0.13171911239624023
213,[0.00147181 0.27478692 0.11680551 0.47268227],7.0,0.9077127,0.13171911239624023
213,[0.54729784 0.29494146 0.653777   0.419264  ],7.0,0.8656825,0.13171911239624023
213,[0.36056376 0.3035469  0.42457807 0.4375208 ],7.0,0.70983946,0.13171911239624023
213,[0.09589948 0.32694247 0.16379865 0.45935777],7.0,0.507636,0.13171911239624023
213,[0.15537784 0.32114932 0.30595678 0.47448513],7.0,0.30478242,0.13171911239624023
213,[0.1974643 0.5670955 0.5125849 1.0488713],9.0,0.9935748,0.13171911239624023
214,[0.476803   0.41590273 0.6917941  0.70502555],7.0,0.99991536,0.1274423599243164
214,[0.1474479  0.3555898  0.3144096  0.60312927],7.0,0.99750805,0.1274423599243164
214,[0.21955785 0.28729865 0.33994374 0.4474881 ],7.0,0.96481466,0.1274423599243164
214,[0.00323601 0.2715441  0.11878284 0.4750712 ],7.0,0.92260146,0.1274423599243164
214,[0.15323652 0.48481333 0.4677735  0.98924637],7.0,0.8790688,0.1274423599243164
214,[0.543826   0.3027084  0.65844786 0.42530948],7.0,0.8616047,0.1274423599243164
214,[0.41802686 0.27519795 0.5356414  0.46894726],7.0,0.7686295,0.1274423599243164
214,[0.3581225  0.30308676 0.42692527 0.43559116],7.0,0.7130355,0.1274423599243164
214,[0.09826788 0.327412   0.16343194 0.45843893],7.0,0.44199508,0.1274423599243164
214,[0.15674591 0.32337552 0.3073161  0.4722104 ],7.0,0.43045333,0.1274423599243164
214,[0.1991776  0.5651238  0.51652575 1.0504755 ],9.0,0.99508023,0.1274423599243164
215,[0.47666705 0.41662604 0.6905533  0.70856255],7.0,0.9999403,0.12133097648620605
215,[0.14802335 0.35713786 0.31485212 0.6000723 ],7.0,0.9978236,0.12133097648620605
215,[0.22018294 0.28720236 0.33859962 0.44750404],7.0,0.9609892,0.12133097648620605
215,[0.00303831 0.2727135  0.1182434  0.4739205 ],7.0,0.93183726,0.12133097648620605
215,[0.15237045 0.48268056 0.46797574 0.9952252 ],7.0,0.8450369,0.12133097648620605
215,[0.5463148  0.30093536 0.64184123 0.41024002],7.0,0.7478977,0.12133097648620605
215,[0.41745844 0.2764882  0.53498316 0.47110716],7.0,0.7229853,0.12133097648620605
215,[0.35942006 0.30157423 0.42634147 0.43524694],7.0,0.5659179,0.12133097648620605
215,[0.09629293 0.32677826 0.16367505 0.45924696],7.0,0.43090916,0.12133097648620605
215,[0.15675722 0.32549268 0.3081056  0.4727093 ],7.0,0.41282693,0.12133097648620605
215,[0.19823556 0.5637063  0.5162629  1.0489657 ],9.0,0.9960913,0.12133097648620605
216,[0.5813972  0.31794405 0.6991818  0.42697567],6.0,0.40126315,0.13308382034301758
216,[0.4762051  0.416616   0.68856776 0.70179164],7.0,0.99991274,0.13308382034301758
216,[0.14930144 0.36619687 0.32117686 0.59025455],7.0,0.9797831,0.13308382034301758
216,[0.4180468  0.2772256  0.5334113  0.45947963],7.0,0.93730396,0.13308382034301758
216,[0.00275988 0.2697013  0.11811911 0.4831015 ],7.0,0.89150727,0.13308382034301758
216,[0.20841208 0.29085183 0.3404859  0.44543397],7.0,0.88658214,0.13308382034301758
216,[0.54931355 0.31000912 0.63860166 0.4057067 ],7.0,0.7985482,0.13308382034301758
216,[0.1523608  0.48046634 0.46578908 0.9924542 ],7.0,0.52550924,0.13308382034301758
216,[0.35917416 0.30457944 0.43147078 0.43624038],7.0,0.5155514,0.13308382034301758
216,[0.50341445 0.30608526 0.59657305 0.4064692 ],7.0,0.36028013,0.13308382034301758
216,[0.16755727 0.5750357  0.5421407  1.0791408 ],9.0,0.9848861,0.13308382034301758
217,[0.47382665 0.41399366 0.68071306 0.6928291 ],7.0,0.9993917,0.1161034107208252
217,[0.15505862 0.3524039  0.3164373  0.59018826],7.0,0.99438477,0.1161034107208252
217,[0.42330545 0.27619308 0.5370827  0.43524176],7.0,0.9614579,0.1161034107208252
217,[0.00505666 0.26982358 0.1203547  0.48053488],7.0,0.88571906,0.1161034107208252
217,[0.22357929 0.2907017  0.35663038 0.43675947],7.0,0.8618939,0.1161034107208252
217,[0.16359769 0.47405764 0.44559336 0.8046094 ],7.0,0.80170983,0.1161034107208252
217,[0.35821098 0.30627668 0.43071502 0.43268037],7.0,0.44811743,0.1161034107208252
217,[0.15698594 0.3255741  0.3066877  0.47305912],7.0,0.3874331,0.1161034107208252
217,[0.11342421 0.5805498  0.60641336 1.1107464 ],9.0,0.90407616,0.1161034107208252
218,[0.4784137  0.40788013 0.6811043  0.6912969 ],7.0,0.99949884,0.11330342292785645
218,[0.15805402 0.3414961  0.32525295 0.5872828 ],7.0,0.9956982,0.11330342292785645
218,[0.42529535 0.27503413 0.5393603  0.4493236 ],7.0,0.9898986,0.11330342292785645
218,[0.01037365 0.29518583 0.1412804  0.49440238],7.0,0.9355989,0.11330342292785645
218,[0.16788131 0.46753016 0.44322115 0.80957913],7.0,0.9246671,0.11330342292785645
218,[0.23389995 0.28824684 0.34664696 0.43317083],7.0,0.6930003,0.11330342292785645
218,[0.5585291  0.3045514  0.65451294 0.4170548 ],7.0,0.5514614,0.11330342292785645
218,[0.3618955  0.30378827 0.4343533  0.44016537],7.0,0.47621349,0.11330342292785645
218,[0.11966351 0.59047395 0.61609435 1.1249025 ],9.0,0.74174,0.11330342292785645
219,[0.46769464 0.39546394 0.67578495 0.6836662 ],7.0,0.99903214,0.13139057159423828
219,[0.15772313 0.33342895 0.3284947  0.5833255 ],7.0,0.99784434,0.13139057159423828
219,[0.17085463 0.4473526  0.44412577 0.78080994],7.0,0.99453896,0.13139057159423828
219,[0.42612374 0.27243787 0.53586906 0.43756652],7.0,0.98731065,0.13139057159423828
219,[0.00934365 0.29223362 0.14628321 0.49747273],7.0,0.9735433,0.13139057159423828
219,[0.23085362 0.28675425 0.3481261  0.43047738],7.0,0.78623295,0.13139057159423828
219,[0.5530851  0.2940379  0.6456357  0.40378192],7.0,0.38407707,0.13139057159423828
219,[0.11265028 0.6044622  0.61607724 1.1232407 ],9.0,0.76171213,0.13139057159423828
220,[0.4676929  0.39483494 0.6748931  0.6835602 ],7.0,0.99938476,0.13286685943603516
220,[0.15789282 0.33524126 0.3289621  0.58400524],7.0,0.9968991,0.13286685943603516
220,[0.17130503 0.44627202 0.44434854 0.7844267 ],7.0,0.9916276,0.13286685943603516
220,[0.4250771  0.27259198 0.53511286 0.44058773],7.0,0.9890805,0.13286685943603516
220,[0.00945147 0.2927705  0.14507517 0.49611712],7.0,0.96518654,0.13286685943603516
220,[0.23078302 0.2876736  0.3480108  0.43066156],7.0,0.77082086,0.13286685943603516
220,[0.17481336 0.30294007 0.31479773 0.44517428],7.0,0.3576945,0.13286685943603516
220,[0.552592   0.29516476 0.64801615 0.40415817],7.0,0.32990837,0.13286685943603516
220,[0.11057147 0.6073135  0.6137146  1.1243544 ],9.0,0.7823954,0.13286685943603516
221,[0.46871853 0.39276224 0.67359805 0.6749881 ],7.0,0.9994373,0.12648653984069824
221,[0.1612637  0.32998365 0.33678135 0.5846613 ],7.0,0.9975776,0.12648653984069824
221,[0.17131227 0.44179213 0.43991548 0.7721213 ],7.0,0.9965964,0.12648653984069824
221,[0.43178234 0.2751558  0.54100233 0.41068277],7.0,0.9762666,0.12648653984069824
221,[0.23977779 0.5096119  0.5011653  0.8382626 ],7.0,0.96201456,0.12648653984069824
221,[0.01033563 0.292906   0.14354074 0.49190682],7.0,0.9435316,0.12648653984069824
221,[0.56093067 0.30113697 0.6677881  0.4311145 ],7.0,0.80573964,0.12648653984069824
221,[0.2334786  0.28486174 0.35867798 0.43459558],7.0,0.7849515,0.12648653984069824
221,[0.1105237  0.60712934 0.61527306 1.1280327 ],9.0,0.5239873,0.12648653984069824
222,[0.56604534 0.30285746 0.6856937  0.43419403],6.0,0.3169906,0.12842631340026855
222,[0.478068   0.38818026 0.673602   0.66688144],7.0,0.99979895,0.12842631340026855
222,[0.17197283 0.39972422 0.44158036 0.7765068 ],7.0,0.9971023,0.12842631340026855
222,[0.01031502 0.28901586 0.14932194 0.5004335 ],7.0,0.98560184,0.12842631340026855
222,[0.43465245 0.27690676 0.53828424 0.4342257 ],7.0,0.9377425,0.12842631340026855
222,[0.24405043 0.28247958 0.3661894  0.42545944],7.0,0.82897997,0.12842631340026855
222,[0.17554522 0.32135934 0.36513853 0.5544316 ],7.0,0.7810297,0.12842631340026855
222,[0.5690275  0.29845884 0.67094487 0.4440795 ],7.0,0.5563868,0.12842631340026855
222,[0.37436262 0.30142057 0.45691094 0.41612077],7.0,0.3156438,0.12842631340026855
222,[0.10084772 0.59005606 0.6172932  1.1122991 ],9.0,0.8392863,0.12842631340026855
223,[0.17326236 0.36142305 0.4434927  0.7807584 ],7.0,0.9997625,0.12772917747497559
223,[0.4812639 0.385307  0.67426   0.6546208],7.0,0.99947125,0.12772917747497559
223,[0.01752979 0.2890028  0.15332988 0.4856343 ],7.0,0.9671961,0.12772917747497559
223,[0.23938712 0.2799263  0.36192784 0.41737562],7.0,0.9142801,0.12772917747497559
223,[0.43369383 0.27186814 0.54537135 0.40876618],7.0,0.88987994,0.12772917747497559
223,[0.5698891  0.294138   0.6747423  0.43358296],7.0,0.78730524,0.12772917747497559
223,[0.18522072 0.32711047 0.37440938 0.5481349 ],7.0,0.5262194,0.12772917747497559
223,[0.30192298 0.28192225 0.40681404 0.41683927],7.0,0.46531838,0.12772917747497559
223,[0.09880212 0.6291037  0.64158356 1.1211643 ],9.0,0.7691236,0.12772917747497559
224,[0.48489678 0.3817271  0.6752249  0.6509279 ],7.0,0.99929345,0.12470793724060059
224,[0.17190492 0.37284    0.44509047 0.7637213 ],7.0,0.99929154,0.12470793724060059
224,[0.03049956 0.28812417 0.16070443 0.48398843],7.0,0.9706297,0.12470793724060059
224,[0.5728299 0.2864998 0.6740772 0.4385234],7.0,0.90113693,0.12470793724060059
224,[0.4348451  0.27267736 0.54650193 0.42622894],7.0,0.8806697,0.12470793724060059
224,[0.24317256 0.27899438 0.37637612 0.42127514],7.0,0.8007379,0.12470793724060059
224,[0.18658996 0.31866136 0.37456352 0.5400889 ],7.0,0.73438054,0.12470793724060059
224,[0.10621554 0.6563062  0.6348501  1.1087707 ],9.0,0.8327996,0.12470793724060059
225,[0.17085595 0.37364227 0.44685566 0.7588591 ],7.0,0.9994758,0.11899757385253906
225,[0.48490262 0.38177937 0.6735232  0.6523333 ],7.0,0.99862134,0.11899757385253906
225,[0.03002691 0.2872885  0.16218306 0.48167497],7.0,0.9705859,0.11899757385253906
225,[0.57385963 0.2851225  0.6727144  0.4342478 ],7.0,0.855913,0.11899757385253906
225,[0.43191835 0.27500513 0.5458056  0.44270095],7.0,0.84013295,0.11899757385253906
225,[0.23651978 0.2792271  0.37018785 0.42171928],7.0,0.8115391,0.11899757385253906
225,[0.18725942 0.32084608 0.37477142 0.52838284],7.0,0.60629046,0.11899757385253906
225,[0.10748184 0.6809256  0.6228743  1.1044927 ],9.0,0.78859603,0.11899757385253906
226,[0.48468545 0.37854388 0.67370105 0.65008926],7.0,0.9993212,0.12371015548706055
226,[0.17162602 0.3799249  0.45218432 0.7545668 ],7.0,0.99882346,0.12371015548706055
226,[0.03749395 0.28665578 0.1638434  0.48535937],7.0,0.9666723,0.12371015548706055
226,[0.24536419 0.28101733 0.37180656 0.41501775],7.0,0.9440814,0.12371015548706055
226,[0.4336567  0.26885328 0.54495037 0.4418759 ],7.0,0.9417166,0.12371015548706055
226,[0.5759614  0.2892861  0.6769807  0.43500963],7.0,0.8061506,0.12371015548706055
226,[0.19222865 0.3239776  0.37457523 0.55437547],7.0,0.50101435,0.12371015548706055
226,[0.00117569 0.29196262 0.04584999 0.55101335],7.0,0.30640298,0.12371015548706055
226,[0.10744405 0.6479981  0.60283786 1.1005011 ],9.0,0.9616806,0.12371015548706055
227,[0.4892161  0.3720412  0.6711967  0.64656055],7.0,0.9996724,0.12346720695495605
227,[0.23853399 0.43187624 0.5152682  0.82809633],7.0,0.9977023,0.12346720695495605
227,[0.5811891  0.29066175 0.69909304 0.42961395],7.0,0.98403305,0.12346720695495605
227,[0.04320168 0.284122   0.17210755 0.48047143],7.0,0.88796103,0.12346720695495605
227,[0.43616354 0.28055602 0.5458218  0.4272403 ],7.0,0.7839555,0.12346720695495605
227,[0.19218099 0.31805304 0.39491385 0.54756427],7.0,0.72018194,0.12346720695495605
227,[0.2388138  0.2815327  0.36992586 0.4213261 ],7.0,0.64230204,0.12346720695495605
227,[-0.0016477   0.30005217  0.05149806  0.531647  ],7.0,0.57233775,0.12346720695495605
227,[0.09573749 0.6086323  0.6196772  1.1069791 ],9.0,0.9701957,0.12346720695495605
228,[0.4900531  0.36618704 0.6743927  0.6323253 ],7.0,0.9998746,0.12137460708618164
228,[0.23906268 0.4000243  0.5121607  0.8183516 ],7.0,0.9893044,0.12137460708618164
228,[0.03930747 0.26591283 0.16131605 0.45164382],7.0,0.9089922,0.12137460708618164
228,[0.58794355 0.28884238 0.70569384 0.41734087],7.0,0.8214331,0.12137460708618164
228,[0.4445206  0.26619306 0.5535346  0.40873012],7.0,0.8059539,0.12137460708618164
228,[0.17489043 0.31413257 0.43460307 0.7170166 ],7.0,0.65070593,0.12137460708618164
228,[0.2541125  0.27874243 0.3900191  0.4137035 ],7.0,0.59688246,0.12137460708618164
228,[-0.00198915  0.29749167  0.05498598  0.5292983 ],7.0,0.54982173,0.12137460708618164
228,[0.19499838 0.31178382 0.39673638 0.54057324],7.0,0.3405322,0.12137460708618164
228,[0.08901423 0.6117583  0.63690895 1.1031697 ],9.0,0.9776999,0.12137460708618164
229,[0.49173522 0.36138368 0.67539895 0.6242997 ],7.0,0.9998018,0.1318824291229248
229,[0.1781506  0.3566322  0.45671767 0.7543086 ],7.0,0.99356866,0.1318824291229248
229,[-0.00091171  0.29524285  0.06689837  0.4997018 ],7.0,0.88404065,0.1318824291229248
229,[0.04464209 0.26383054 0.166687   0.4538697 ],7.0,0.87352765,0.1318824291229248
229,[0.5932585  0.2920676  0.70519245 0.41467583],7.0,0.77143925,0.1318824291229248
229,[0.45519477 0.26152796 0.5655628  0.407005  ],7.0,0.7359567,0.1318824291229248
229,[0.27059755 0.27523425 0.3926386  0.40926942],7.0,0.73304313,0.1318824291229248
229,[0.19900921 0.30884078 0.40484223 0.5459504 ],7.0,0.6270181,0.1318824291229248
229,[0.0844692  0.5963305  0.67420375 1.1326553 ],9.0,0.97882766,0.1318824291229248
230,[0.491857   0.36157647 0.6755727  0.6264665 ],7.0,0.9996234,0.11925911903381348
230,[0.1770551  0.3576749  0.45732272 0.7472734 ],7.0,0.9965217,0.11925911903381348
230,[0.04395706 0.26426148 0.16707754 0.45382422],7.0,0.8557099,0.11925911903381348
230,[-0.00126477  0.29503298  0.06713549  0.5014035 ],7.0,0.8375376,0.11925911903381348
230,[0.45412087 0.26252303 0.56532955 0.40799484],7.0,0.79325455,0.11925911903381348
230,[0.59184104 0.29183498 0.70412415 0.4140754 ],7.0,0.73915255,0.11925911903381348
230,[0.2721182  0.27551943 0.39150518 0.40965348],7.0,0.69171655,0.11925911903381348
230,[0.19937442 0.30964622 0.4022408  0.54311347],7.0,0.65106064,0.11925911903381348
230,[0.08491459 0.59079254 0.67345357 1.1370627 ],9.0,0.9779636,0.11925911903381348
231,[0.49349117 0.3521369  0.67383516 0.61633444],7.0,0.999008,0.11878395080566406
231,[0.18427941 0.36394006 0.44907835 0.7380244 ],7.0,0.99463403,0.11878395080566406
231,[-3.8937479e-04  2.9103047e-01  6.9444887e-02  5.1577950e-01],7.0,0.89140296,0.11878395080566406
231,[0.05215136 0.25576097 0.1667339  0.45329535],7.0,0.8301512,0.11878395080566406
231,[0.44529283 0.25522047 0.5678637  0.40362722],7.0,0.78525007,0.11878395080566406
231,[0.59960735 0.2934909  0.7163671  0.41052407],7.0,0.6948047,0.11878395080566406
231,[0.20254388 0.30538136 0.40862307 0.54286873],7.0,0.6761349,0.11878395080566406
231,[0.28138778 0.27444524 0.38888386 0.39410836],7.0,0.50521785,0.11878395080566406
231,[0.10081747 0.6177081  0.6711546  1.1249684 ],9.0,0.95813805,0.11878395080566406
231,[0.3360348 0.75626   0.879426  1.0843709],9.0,0.67583543,0.11878395080566406
232,[0.495354   0.34692326 0.67411715 0.60905075],7.0,0.99942386,0.12188434600830078
232,[0.19198248 0.35962814 0.44717053 0.71149224],7.0,0.99766976,0.12188434600830078
232,[0.45596945 0.2546184  0.564379   0.40210778],7.0,0.92622954,0.12188434600830078
232,[0.05897441 0.2524202  0.17404246 0.4527014 ],7.0,0.89462924,0.12188434600830078
232,[2.7453154e-04 2.8775838e-01 7.5839370e-02 5.3165877e-01],7.0,0.8903297,0.12188434600830078
232,[0.5982824  0.29006755 0.71716994 0.4085458 ],7.0,0.8780545,0.12188434600830078
232,[0.28097767 0.2688887  0.39675504 0.39578563],7.0,0.69354916,0.12188434600830078
232,[0.20929667 0.30016702 0.3940527  0.5288118 ],7.0,0.5293853,0.12188434600830078
232,[0.6044992  0.85742515 0.71271646 0.9987444 ],8.0,0.5723355,0.12188434600830078
232,[0.08526278 0.6720614  0.6349501  1.106477  ],9.0,0.9881173,0.12188434600830078
232,[0.3912109 0.757471  0.8816645 1.109487 ],9.0,0.9574022,0.12188434600830078
233,[0.4950285  0.3408451  0.67629933 0.6092066 ],7.0,0.9994324,0.121826171875
233,[0.19469336 0.36508864 0.44343236 0.71128625],7.0,0.99872917,0.121826171875
233,[0.06259964 0.25875372 0.18220213 0.45347166],7.0,0.8950673,0.121826171875
233,[0.00087203 0.2864068  0.08013053 0.5178093 ],7.0,0.8816654,0.121826171875
233,[0.462499   0.25781697 0.5680584  0.38519537],7.0,0.8161568,0.121826171875
233,[0.60168946 0.29594022 0.7247232  0.40571445],7.0,0.6618771,0.121826171875
233,[0.21448365 0.30057752 0.41345617 0.5593307 ],7.0,0.45918283,0.121826171875
233,[0.27573875 0.27053592 0.3977898  0.3932127 ],7.0,0.44619256,0.121826171875
233,[0.5976097  0.85352015 0.7131073  0.9998573 ],8.0,0.47909135,0.121826171875
233,[0.08959407 0.67235243 0.57982635 1.0959274 ],9.0,0.98229665,0.121826171875
233,[0.38011914 0.74577785 0.8959498  1.1057919 ],9.0,0.97408235,0.121826171875
234,[0.49675608 0.34193486 0.67381287 0.6043609 ],7.0,0.99929106,0.12322807312011719
234,[0.19476926 0.34897876 0.44600272 0.7162148 ],7.0,0.99820364,0.12322807312011719
234,[0.46419466 0.2555802  0.5703726  0.38553166],7.0,0.93559915,0.12322807312011719
234,[3.9976090e-04 2.8377509e-01 8.0063574e-02 5.1088274e-01],7.0,0.89122736,0.12322807312011719
234,[0.5951172  0.28968897 0.72895384 0.40767023],7.0,0.867094,0.12322807312011719
234,[0.06423077 0.26100683 0.18449767 0.45400172],7.0,0.85657436,0.12322807312011719
234,[0.21477444 0.29890308 0.4181803  0.54285365],7.0,0.84284383,0.12322807312011719
234,[0.6002838  0.862215   0.7147159  0.99798006],8.0,0.34585807,0.12322807312011719
234,[0.0867427  0.6243715  0.58956504 1.1051912 ],9.0,0.9629483,0.12322807312011719
234,[0.3684709  0.72151816 0.8805958  1.1184094 ],9.0,0.9526576,0.12322807312011719
235,[0.49502128 0.34149894 0.6736886  0.6038283 ],7.0,0.99944323,0.12985897064208984
235,[0.19240357 0.3430748  0.44563508 0.7179369 ],7.0,0.9974746,0.12985897064208984
235,[0.4643358  0.2556345  0.5700979  0.38510185],7.0,0.92292047,0.12985897064208984
235,[3.0761585e-04 2.8365988e-01 8.1246674e-02 5.1644582e-01],7.0,0.9208268,0.12985897064208984
235,[0.596028   0.290776   0.72822905 0.40835035],7.0,0.9124612,0.12985897064208984
235,[0.06396095 0.26128834 0.1848903  0.45309144],7.0,0.83915955,0.12985897064208984
235,[0.21302474 0.30013126 0.42026782 0.54757667],7.0,0.8350523,0.12985897064208984
235,[0.27150035 0.26926863 0.39778268 0.39620078],7.0,0.30994818,0.12985897064208984
235,[0.6026822  0.8629428  0.71452695 0.9982989 ],8.0,0.63783365,0.12985897064208984
235,[0.08685187 0.63516176 0.58917737 1.1035389 ],9.0,0.9748079,0.12985897064208984
235,[0.36821714 0.7316579  0.89898634 1.1128577 ],9.0,0.948359,0.12985897064208984
236,[0.49672586 0.33920303 0.6741336  0.5990764 ],7.0,0.99918824,0.13206028938293457
236,[0.19330356 0.33422095 0.44682762 0.7221909 ],7.0,0.99869114,0.13206028938293457
236,[0.4625873  0.2544993  0.568464   0.38070413],7.0,0.96898735,0.13206028938293457
236,[3.3478066e-04 2.8836057e-01 8.0659300e-02 4.8550043e-01],7.0,0.90918094,0.13206028938293457
236,[0.61311287 0.29638824 0.7262154  0.40845415],7.0,0.8748064,0.13206028938293457
236,[0.07763718 0.28242543 0.19131853 0.49328092],7.0,0.7457592,0.13206028938293457
236,[0.2162469 0.3012047 0.4165141 0.5523908],7.0,0.6965871,0.13206028938293457
236,[0.07908738 0.63336504 0.65567946 1.1191099 ],9.0,0.9753132,0.13206028938293457
236,[0.35055485 0.70652556 0.88134193 1.122229  ],9.0,0.8370444,0.13206028938293457
237,[0.613458   0.2815072  0.7267907  0.40549314],6.0,0.4348969,0.11617708206176758
237,[0.49870956 0.32699388 0.6742239  0.5857215 ],7.0,0.9987087,0.11617708206176758
237,[0.19624941 0.31947827 0.4460159  0.7072129 ],7.0,0.9959336,0.11617708206176758
237,[0.00211189 0.2884659  0.08696987 0.48886415],7.0,0.968876,0.11617708206176758
237,[0.22267911 0.29420516 0.41763535 0.53679323],7.0,0.883609,0.11617708206176758
237,[0.08335231 0.27524912 0.19946398 0.48994166],7.0,0.87709177,0.11617708206176758
237,[0.46237034 0.2592556  0.5569139  0.3834331 ],7.0,0.7921379,0.11617708206176758
237,[0.6163195  0.2830778  0.72927743 0.4010401 ],7.0,0.43930694,0.11617708206176758
237,[0.07679084 0.64771265 0.6803591  1.1216916 ],9.0,0.79748005,0.11617708206176758
237,[0.33641216 0.6876482  0.85077846 1.1278471 ],9.0,0.33430955,0.11617708206176758
238,[0.200477   0.30794102 0.4401952  0.6809812 ],7.0,0.9980964,0.12316608428955078
238,[0.50279427 0.3195629  0.6731225  0.5792953 ],7.0,0.99797004,0.12316608428955078
238,[0.00196543 0.28727108 0.09685768 0.47855365],7.0,0.97976375,0.12316608428955078
238,[0.08202168 0.26959777 0.20035231 0.48314273],7.0,0.962951,0.12316608428955078
238,[0.4692147  0.25094855 0.55987394 0.38759977],7.0,0.9197325,0.12316608428955078
238,[0.62283194 0.2764228  0.7233561  0.40216392],7.0,0.88481843,0.12316608428955078
238,[0.22178067 0.29085043 0.40431452 0.52831274],7.0,0.5409943,0.12316608428955078
238,[0.3558088  0.67646575 0.87183124 1.1343422 ],9.0,0.81524646,0.12316608428955078
238,[0.085015   0.63858783 0.6642437  1.1264533 ],9.0,0.6512818,0.12316608428955078
239,[0.50361574 0.31785232 0.671275   0.5745066 ],7.0,0.99858403,0.1294717788696289
239,[0.20179336 0.29967043 0.44198996 0.68035066],7.0,0.9903088,0.1294717788696289
239,[0.0008732  0.2853823  0.09844278 0.48602107],7.0,0.98601645,0.1294717788696289
239,[0.08458734 0.2703222  0.20128396 0.48430443],7.0,0.96401,0.1294717788696289
239,[0.4669157  0.23980284 0.5634054  0.3850531 ],7.0,0.9625269,0.1294717788696289
239,[0.62361395 0.27843106 0.7295953  0.40060252],7.0,0.64192826,0.1294717788696289
239,[0.325257   0.66149235 0.87919    1.127276  ],9.0,0.9415479,0.1294717788696289
239,[0.14779076 0.6577772  0.664646   1.1075506 ],9.0,0.90869874,0.1294717788696289
240,[0.5039853  0.3145519  0.6709533  0.57355803],7.0,0.9987698,0.11854863166809082
240,[0.2027024  0.29912382 0.44142687 0.6770885 ],7.0,0.9936852,0.11854863166809082
240,[0.00073247 0.28573    0.09799182 0.47526836],7.0,0.98044705,0.11854863166809082
240,[0.46782258 0.24216545 0.5629011  0.38669854],7.0,0.9589882,0.11854863166809082
240,[0.08788869 0.27319217 0.20058426 0.47831154],7.0,0.93259424,0.11854863166809082
240,[0.22251266 0.2891253  0.41340548 0.50925624],7.0,0.36143088,0.11854863166809082
240,[0.2806093  0.2651606  0.4203217  0.38245085],7.0,0.30114958,0.11854863166809082
240,[0.13905813 0.6083657  0.5958851  1.000205  ],8.0,0.39623117,0.11854863166809082
240,[0.3280976  0.6601502  0.88600576 1.1249884 ],9.0,0.95444643,0.11854863166809082
240,[0.16167232 0.6649677  0.65352166 1.0976566 ],9.0,0.89136326,0.11854863166809082
240,[0.00496778 0.32803863 0.08529212 0.49225318],9.0,0.30490813,0.11854863166809082
241,[0.504852   0.3155744  0.67172056 0.56666243],7.0,0.997283,0.12984824180603027
241,[0.20712642 0.32397208 0.44799536 0.676155  ],7.0,0.9961727,0.12984824180603027
241,[0.467733   0.23978692 0.564136   0.3878647 ],7.0,0.9682257,0.12984824180603027
241,[0.09028661 0.24968037 0.20031089 0.44995233],7.0,0.9332589,0.12984824180603027
241,[-0.00215084  0.28634077  0.10583997  0.48193967],7.0,0.9203057,0.12984824180603027
241,[0.6156702  0.27696157 0.7412143  0.39954162],7.0,0.7926933,0.12984824180603027
241,[0.2824058  0.26389813 0.42777252 0.39078522],7.0,0.43461713,0.12984824180603027
241,[0.3381377  0.6373532  0.85614437 1.1231686 ],9.0,0.97760326,0.12984824180603027
241,[0.13637689 0.6326071  0.6654674  1.1067277 ],9.0,0.9708775,0.12984824180603027
242,[0.20980841 0.29760695 0.4446031  0.65014017],7.0,0.99745256,0.13387346267700195
242,[0.50779945 0.3173412  0.6728627  0.5676572 ],7.0,0.9935824,0.13387346267700195
242,[0.09366164 0.25138578 0.20437679 0.44893   ],7.0,0.9815881,0.13387346267700195
242,[-0.00187495  0.28745502  0.10674135  0.4701066 ],7.0,0.9434659,0.13387346267700195
242,[0.4638462  0.24525249 0.5655197  0.38418335],7.0,0.8735939,0.13387346267700195
242,[0.61836517 0.27909607 0.7334391  0.40009993],7.0,0.78482866,0.13387346267700195
242,[0.27678657 0.36009368 0.4991265  0.7213813 ],7.0,0.76461446,0.13387346267700195
242,[0.2346318  0.28592667 0.43054828 0.46300945],7.0,0.7309881,0.13387346267700195
242,[0.31884083 0.6308987  0.90353    1.1121652 ],9.0,0.97044295,0.13387346267700195
242,[0.12705559 0.6199202  0.67603946 1.1233613 ],9.0,0.9472227,0.13387346267700195
243,[0.21153769 0.29380572 0.44261178 0.65783274],7.0,0.9988673,0.12923240661621094
243,[0.5094385  0.31823337 0.6728538  0.56714845],7.0,0.98718065,0.12923240661621094
243,[0.09983887 0.25104487 0.2080671  0.44437683],7.0,0.94907576,0.12923240661621094
243,[-0.00317403  0.2879266   0.11132955  0.48007333],7.0,0.90730476,0.12923240661621094
243,[0.4676099  0.24346262 0.56556207 0.38901752],7.0,0.84284323,0.12923240661621094
243,[0.27990025 0.35837823 0.49824727 0.71931237],7.0,0.76264626,0.12923240661621094
243,[0.24482426 0.28408906 0.43584552 0.46095076],7.0,0.6117658,0.12923240661621094
243,[0.6222834  0.2764609  0.7370873  0.40125626],7.0,0.61139303,0.12923240661621094
243,[0.32271773 0.27115834 0.43324965 0.40715694],7.0,0.32143354,0.12923240661621094
243,[0.30470768 0.6284361  0.92053616 1.1186795 ],9.0,0.9013376,0.12923240661621094
243,[0.09981444 0.6472644  0.6676301  1.11801   ],9.0,0.7406826,0.12923240661621094
244,[0.21231258 0.29469833 0.444018   0.66409194],7.0,0.9984193,0.12377572059631348
244,[0.50970453 0.31209135 0.6711697  0.561551  ],7.0,0.98863107,0.12377572059631348
244,[0.10289113 0.24913165 0.20955338 0.441866  ],7.0,0.95296687,0.12377572059631348
244,[-0.0023069   0.28962284  0.11340997  0.4591353 ],7.0,0.860925,0.12377572059631348
244,[0.47333056 0.2415101  0.5637072  0.39188677],7.0,0.7533723,0.12377572059631348
244,[0.62374794 0.27493805 0.74110615 0.40094024],7.0,0.5631886,0.12377572059631348
244,[0.32403466 0.26941407 0.43439654 0.4034757 ],7.0,0.5484284,0.12377572059631348
244,[0.24671516 0.28116876 0.42934278 0.45582467],7.0,0.46490356,0.12377572059631348
244,[0.3102253 0.6317984 0.9158452 1.1217104],9.0,0.95785254,0.12377572059631348
244,[0.12331834 0.665858   0.66408217 1.1194034 ],9.0,0.88592064,0.12377572059631348
245,[0.21170697 0.29437092 0.44530627 0.66299164],7.0,0.99809736,0.12377524375915527
245,[0.5090992  0.31067675 0.6722254  0.5616267 ],7.0,0.9921423,0.12377524375915527
245,[0.10239559 0.24992019 0.20983654 0.441091  ],7.0,0.94285643,0.12377524375915527
245,[-0.00195873  0.28976017  0.11328413  0.45753407],7.0,0.8345999,0.12377524375915527
245,[0.4683844  0.2450463  0.5686319  0.39183223],7.0,0.6835463,0.12377524375915527
245,[0.6245669  0.2748121  0.74096763 0.40094578],7.0,0.54395854,0.12377524375915527
245,[0.24315883 0.28244528 0.43012488 0.4588581 ],7.0,0.5227579,0.12377524375915527
245,[0.32573968 0.2699686  0.43325883 0.4034846 ],7.0,0.500087,0.12377524375915527
245,[0.30850512 0.63040125 0.91712314 1.1277692 ],9.0,0.94659173,0.12377524375915527
245,[0.10654035 0.6554364  0.66383505 1.1200145 ],9.0,0.92807424,0.12377524375915527
246,[0.2152471  0.30453563 0.44904298 0.63705516],7.0,0.99922395,0.11795353889465332
246,[0.51081586 0.3103554  0.67240405 0.5580175 ],7.0,0.99745065,0.11795353889465332
246,[0.1044129  0.25259927 0.2081122  0.428551  ],7.0,0.97727716,0.11795353889465332
246,[0.6293443  0.27598602 0.74097985 0.40194124],7.0,0.78727144,0.11795353889465332
246,[0.4695741  0.24002063 0.5607264  0.39276135],7.0,0.7641382,0.11795353889465332
246,[0.25584137 0.28325894 0.44014132 0.44415364],7.0,0.7467601,0.11795353889465332
246,[-0.00303878  0.2854517   0.12060525  0.44743145],7.0,0.74499685,0.11795353889465332
246,[0.338723   0.27001077 0.43627888 0.40708816],7.0,0.37354085,0.11795353889465332
246,[0.08395189 0.61348593 0.6657873  1.1252068 ],9.0,0.9309057,0.11795353889465332
246,[0.3034331 0.6377506 0.9203311 1.1334594],9.0,0.628819,0.11795353889465332
247,[0.51221675 0.30882227 0.67304105 0.5536493 ],7.0,0.99814713,0.12144923210144043
247,[0.21673809 0.2958591  0.48280483 0.6459336 ],7.0,0.99534756,0.12144923210144043
247,[0.11050943 0.25671923 0.2212201  0.4448201 ],7.0,0.98286957,0.12144923210144043
247,[2.7933717e-04 2.7971083e-01 1.2864056e-01 4.7611523e-01],7.0,0.83029145,0.12144923210144043
247,[0.46376377 0.24691686 0.5703818  0.39247712],7.0,0.8282216,0.12144923210144043
247,[0.3176627  0.2667927  0.44121394 0.40612847],7.0,0.74478894,0.12144923210144043
247,[0.6234131  0.2684534  0.74520457 0.39916417],7.0,0.5755077,0.12144923210144043
247,[0.09023681 0.6062001  0.6572013  1.1215423 ],9.0,0.87541705,0.12144923210144043
248,[0.51185906 0.3082415  0.6739664  0.5529491 ],7.0,0.9976788,0.12299704551696777
248,[0.22173658 0.2902359  0.49782178 0.6555716 ],7.0,0.99316955,0.12299704551696777
248,[0.11209809 0.2555282  0.22190791 0.45091254],7.0,0.97649366,0.12299704551696777
248,[0.4639129  0.24089244 0.574614   0.39244416],7.0,0.9448789,0.12299704551696777
248,[-0.00061377  0.27964026  0.12958756  0.47867996],7.0,0.88839823,0.12299704551696777
248,[0.62487733 0.27078784 0.7459172  0.39897537],7.0,0.6097064,0.12299704551696777
248,[0.2950181  0.26337957 0.44474098 0.41458958],7.0,0.5966711,0.12299704551696777
248,[0.08403358 0.60605985 0.6571348  1.1288233 ],9.0,0.69934547,0.12299704551696777
249,[0.5119935  0.30744845 0.6747861  0.5509829 ],7.0,0.9975859,0.12821054458618164
249,[0.22348009 0.29210645 0.49643266 0.6812903 ],7.0,0.956848,0.12821054458618164
249,[0.1154177  0.2621077  0.23167251 0.4437113 ],7.0,0.9440184,0.12821054458618164
249,[0.4583072  0.24181741 0.57943827 0.3961451 ],7.0,0.9243796,0.12821054458618164
249,[0.6305288  0.27279285 0.74746716 0.39971116],7.0,0.8941885,0.12821054458618164
249,[0.00340649 0.27862057 0.12836117 0.4531242 ],7.0,0.870447,0.12821054458618164
249,[0.31574032 0.2662331  0.44609448 0.4142056 ],7.0,0.6652147,0.12821054458618164
249,[0.08276242 0.60032666 0.6526493  1.1347617 ],9.0,0.8400561,0.12821054458618164
249,[0.23723696 0.34136504 0.5440404  0.72569495],9.0,0.6963592,0.12821054458618164
249,[0.33351177 0.5993433  0.91362196 1.1348433 ],9.0,0.3952552,0.12821054458618164
249,[0.02607201 0.31900862 0.12405515 0.48603424],9.0,0.3135217,0.12821054458618164
250,[0.5108696  0.30800635 0.67536604 0.55069536],7.0,0.99746144,0.1279458999633789
250,[0.22271264 0.29099026 0.49044633 0.6698568 ],7.0,0.97437173,0.1279458999633789
250,[0.1153186  0.26326084 0.23189232 0.44302034],7.0,0.9342126,0.1279458999633789
250,[0.00322232 0.27928066 0.12801188 0.45007628],7.0,0.87721574,0.1279458999633789
250,[0.45911172 0.242452   0.5836452  0.39790145],7.0,0.86958504,0.1279458999633789
250,[0.6309982  0.27194953 0.7475874  0.39937097],7.0,0.7601093,0.1279458999633789
250,[0.31557623 0.2661518  0.44636896 0.4154052 ],7.0,0.5830168,0.1279458999633789
250,[0.07758403 0.61471164 0.65636724 1.1299869 ],9.0,0.63077825,0.1279458999633789
250,[0.23765111 0.33734322 0.54037064 0.72924507],9.0,0.5855378,0.1279458999633789
250,[0.0257914  0.32044446 0.12478977 0.48360825],9.0,0.43185735,0.1279458999633789
251,[0.51274407 0.30867082 0.67618036 0.5505646 ],7.0,0.99904126,0.13093256950378418
251,[0.22483356 0.29170322 0.47894078 0.6458597 ],7.0,0.99586177,0.13093256950378418
251,[0.11731374 0.26245028 0.23245388 0.44321656],7.0,0.920852,0.13093256950378418
251,[0.46334937 0.24379563 0.5752741  0.3962205 ],7.0,0.88937026,0.13093256950378418
251,[0.0142561  0.28849798 0.13544437 0.4789437 ],7.0,0.8605859,0.13093256950378418
251,[0.6375007  0.27416763 0.748583   0.40147367],7.0,0.7780633,0.13093256950378418
251,[0.30978048 0.26593402 0.4492818  0.41267803],7.0,0.48331586,0.13093256950378418
251,[0.08486027 0.6041007  0.6480225  1.1319528 ],9.0,0.96166825,0.13093256950378418
251,[0.32620397 0.6057329  0.912058   1.1326625 ],9.0,0.56766313,0.13093256950378418
252,[0.5170023  0.30669922 0.6768034  0.54885495],7.0,0.999411,0.131788969039917
252,[0.63392836 0.27345055 0.7430801  0.4015991 ],7.0,0.9855348,0.131788969039917
252,[0.12194188 0.26651257 0.2386673  0.44564897],7.0,0.9484754,0.131788969039917
252,[0.01897689 0.29374167 0.13595927 0.46796086],7.0,0.8948985,0.131788969039917
252,[0.22428764 0.2946998  0.48909205 0.70476246],7.0,0.8875896,0.131788969039917
252,[0.46620646 0.25206387 0.57130915 0.39175642],7.0,0.6827726,0.131788969039917
252,[0.31943172 0.26643103 0.45570552 0.4116847 ],7.0,0.4982138,0.131788969039917
252,[0.00678198 0.33130848 0.08998106 0.53514665],7.0,0.3880252,0.131788969039917
252,[0.11360157 0.61459374 0.6132928  1.114058  ],9.0,0.9807469,0.131788969039917
252,[0.32810616 0.60231316 0.9155977  1.123136  ],9.0,0.8795813,0.131788969039917
253,[0.5209795  0.3062979  0.67669845 0.54885346],7.0,0.99886584,0.11827516555786133
253,[0.6351444  0.28180003 0.7460045  0.40557736],7.0,0.9853,0.11827516555786133
253,[0.01890327 0.29486838 0.13671918 0.46878472],7.0,0.970649,0.11827516555786133
253,[0.12845829 0.26007026 0.23626098 0.4472484 ],7.0,0.95182294,0.11827516555786133
253,[0.24015735 0.29390067 0.47317976 0.64229405],7.0,0.88241404,0.11827516555786133
253,[0.32745802 0.26637632 0.45765686 0.41307408],7.0,0.6237824,0.11827516555786133
253,[0.46776947 0.25907433 0.56572884 0.39632738],7.0,0.49354663,0.11827516555786133
253,[0.00326833 0.3231697  0.09493655 0.5090139 ],7.0,0.46422076,0.11827516555786133
253,[0.12487453 0.6094272  0.60211706 1.105471  ],9.0,0.98500174,0.11827516555786133
253,[0.32862312 0.6061813  0.91348165 1.1242721 ],9.0,0.86865014,0.11827516555786133
254,[0.5236313  0.30575612 0.6761529  0.54651225],7.0,0.9987024,0.11979007720947266
254,[0.63926375 0.28388762 0.74535763 0.40511256],7.0,0.98677874,0.11979007720947266
254,[0.02099039 0.29679558 0.14304513 0.47336146],7.0,0.921191,0.11979007720947266
254,[0.12695506 0.26111794 0.24446306 0.4432826 ],7.0,0.8911769,0.11979007720947266
254,[0.23356482 0.29545292 0.48207077 0.6990901 ],7.0,0.81875086,0.11979007720947266
254,[0.33824027 0.26599914 0.4603845  0.4108613 ],7.0,0.512637,0.11979007720947266
254,[0.00425679 0.32404363 0.10622238 0.5927093 ],7.0,0.48031697,0.11979007720947266
254,[0.46920288 0.25522625 0.5672363  0.39483333],7.0,0.41229436,0.11979007720947266
254,[0.13414568 0.6280241  0.57069695 1.0909841 ],9.0,0.9593034,0.11979007720947266
254,[0.33467257 0.6310712  0.91252124 1.1220119 ],9.0,0.8689417,0.11979007720947266
255,[0.52360433 0.30515096 0.67586225 0.5457436 ],7.0,0.9992694,0.12648415565490723
255,[0.63893986 0.28365406 0.74589    0.4054012 ],7.0,0.99082,0.12648415565490723
255,[0.02137698 0.29715562 0.1434629  0.47305965],7.0,0.89685744,0.12648415565490723
255,[0.12634933 0.26184303 0.24426115 0.4411713 ],7.0,0.86780834,0.12648415565490723
255,[0.23241533 0.29557705 0.48492944 0.7038424 ],7.0,0.8031593,0.12648415565490723
255,[0.33824813 0.2666026  0.45879763 0.41036192],7.0,0.583179,0.12648415565490723
255,[0.00355265 0.32251677 0.1070205  0.5904    ],7.0,0.55985665,0.12648415565490723
255,[0.4691684  0.25415385 0.567534   0.39495927],7.0,0.38396373,0.12648415565490723
255,[0.09863676 0.6250798  0.5812315  1.1008642 ],9.0,0.9835029,0.12648415565490723
255,[0.3305704  0.61906874 0.9132685  1.1267575 ],9.0,0.93672305,0.12648415565490723
256,[0.52431184 0.30367398 0.67621833 0.5413578 ],7.0,0.9994974,0.11138176918029785
256,[0.6368331  0.28206077 0.7479123  0.4042203 ],7.0,0.94129795,0.11138176918029785
256,[0.23712948 0.28983468 0.49095967 0.690782  ],7.0,0.8979625,0.11138176918029785
256,[0.02871929 0.30037838 0.15156478 0.4950701 ],7.0,0.89371765,0.11138176918029785
256,[0.13712275 0.26223642 0.24243042 0.4254232 ],7.0,0.8870814,0.11138176918029785
256,[0.3698235  0.26620218 0.4641234  0.39900514],7.0,0.64169055,0.11138176918029785
256,[3.9111823e-04 3.0870378e-01 1.0884759e-01 5.4817599e-01],7.0,0.30025727,0.11138176918029785
256,[0.11428043 0.6101998  0.59474444 1.110565  ],9.0,0.995956,0.11138176918029785
256,[0.3276496  0.59564954 0.9130776  1.1300547 ],9.0,0.90838945,0.11138176918029785
257,[0.52638954 0.2992778  0.6764265  0.52978635],7.0,0.99881554,0.13584542274475098
257,[0.14009392 0.26439244 0.25194913 0.43480963],7.0,0.98124045,0.13584542274475098
257,[0.64682186 0.29033667 0.7517085  0.40180248],7.0,0.9108858,0.13584542274475098
257,[0.02472593 0.2931222  0.15400387 0.48055354],7.0,0.85772854,0.13584542274475098
257,[0.3702188  0.26692355 0.47114545 0.3983488 ],7.0,0.55342424,0.13584542274475098
257,[0.25453883 0.2953589  0.50894636 0.7033035 ],7.0,0.4691598,0.13584542274475098
257,[0.4755072 0.2649585 0.5635956 0.3955233],7.0,0.38296923,0.13584542274475098
257,[0.09239233 0.6107187  0.6099906  1.1181636 ],9.0,0.9899929,0.13584542274475098
257,[0.3291001  0.5987661  0.91233826 1.1337464 ],9.0,0.934057,0.13584542274475098
257,[0.8878552  0.2310436  0.9395325  0.44932547],15.0,0.7323577,0.13584542274475098
258,[0.52558917 0.29507878 0.67602533 0.5225609 ],7.0,0.998123,0.13200902938842773
258,[0.14422928 0.25999355 0.24969472 0.4449628 ],7.0,0.980755,0.13200902938842773
258,[0.6441709  0.2851262  0.7478043  0.40087807],7.0,0.9535671,0.13200902938842773
258,[0.04809552 0.28464824 0.16470839 0.47422284],7.0,0.94705385,0.13200902938842773
258,[0.33663347 0.2631492  0.47176424 0.402915  ],7.0,0.7676314,0.13200902938842773
258,[0.25270373 0.29650405 0.46393436 0.60635316],7.0,0.302995,0.13200902938842773
258,[0.08576438 0.5977168  0.62101674 1.1127046 ],9.0,0.9928336,0.13200902938842773
258,[0.3242226 0.6120754 0.9124578 1.1148612],9.0,0.7703932,0.13200902938842773
258,[0.8839761  0.24183272 0.9377607  0.45651293],15.0,0.6807836,0.13200902938842773
259,[0.52725106 0.29265597 0.67683095 0.5187652 ],7.0,0.9986212,0.1360619068145752
259,[0.14885537 0.25749797 0.25313073 0.4432792 ],7.0,0.94877315,0.1360619068145752
259,[0.64810807 0.2797659  0.747927   0.40015954],7.0,0.9311608,0.1360619068145752
259,[0.02172007 0.29078454 0.16654657 0.48445803],7.0,0.6601026,0.1360619068145752
259,[0.24806552 0.2896063  0.53771937 0.7364851 ],7.0,0.5656764,0.1360619068145752
259,[0.35679752 0.26672652 0.4718719  0.3963723 ],7.0,0.50013405,0.1360619068145752
259,[0.5031165  0.2435233  0.58554304 0.363999  ],7.0,0.3283941,0.1360619068145752
259,[0.08882877 0.60279065 0.6250911  1.1094811 ],9.0,0.9924017,0.1360619068145752
259,[0.3262665 0.6181761 0.9147059 1.1115636],9.0,0.790994,0.1360619068145752
259,[0.8850896  0.23209892 0.93556684 0.4408431 ],15.0,0.6395112,0.1360619068145752
260,[0.5267401 0.2928875 0.6766114 0.5185184],7.0,0.99875546,0.13162970542907715
260,[0.14896816 0.2576028  0.2536591  0.44360536],7.0,0.9499777,0.13162970542907715
260,[0.6480576  0.28014305 0.7480519  0.4004189 ],7.0,0.9446369,0.13162970542907715
260,[0.01018046 0.29193833 0.15075058 0.49641904],7.0,0.65725636,0.13162970542907715
260,[0.24789844 0.29026228 0.53348136 0.7302199 ],7.0,0.597279,0.13162970542907715
260,[0.35604542 0.2670201  0.47164702 0.39598018],7.0,0.46364486,0.13162970542907715
260,[0.08881587 0.609087   0.6176352  1.1093515 ],9.0,0.99286896,0.13162970542907715
260,[0.32528996 0.62952584 0.92327046 1.1126449 ],9.0,0.77218235,0.13162970542907715
260,[0.88508326 0.2310242  0.93567604 0.439061  ],15.0,0.6389012,0.13162970542907715
261,[0.5289154  0.29084742 0.67753506 0.51419115],7.0,0.9991574,0.13553333282470703
261,[0.1577981  0.25808194 0.25812972 0.42361465],7.0,0.995611,0.13553333282470703
261,[0.0548186  0.27919793 0.16735394 0.45985615],7.0,0.95412576,0.13553333282470703
261,[0.6544317  0.28191712 0.7499062  0.39831117],7.0,0.9503408,0.13553333282470703
261,[0.24781866 0.2900919  0.5336759  0.7327404 ],7.0,0.85615206,0.13553333282470703
261,[0.4059878  0.2735099  0.4899631  0.39108834],7.0,0.40947628,0.13553333282470703
261,[0.08137977 0.60833895 0.60088956 1.10643   ],9.0,0.9945622,0.13553333282470703
261,[0.3328902 0.6263073 0.9309322 1.1123834],9.0,0.7725681,0.13553333282470703
261,[0.87654454 0.23705983 0.92585295 0.43423718],15.0,0.48582923,0.13553333282470703
262,[0.528991   0.27843645 0.6773032  0.5032357 ],7.0,0.9987804,0.12748265266418457
262,[0.15679412 0.25655597 0.26454356 0.43578416],7.0,0.98128617,0.12748265266418457
262,[0.01010572 0.28952318 0.14949876 0.52216756],7.0,0.862928,0.12748265266418457
262,[0.65725213 0.27918664 0.75737125 0.3977277 ],7.0,0.84449273,0.12748265266418457
262,[0.06512431 0.28607425 0.17434677 0.45765266],7.0,0.73388726,0.12748265266418457
262,[0.24874853 0.29650664 0.5360065  0.7379137 ],7.0,0.6171101,0.12748265266418457
262,[0.37158978 0.26594526 0.4699303  0.3953793 ],7.0,0.49992716,0.12748265266418457
262,[0.09645642 0.60376287 0.5802191  1.0996493 ],9.0,0.99916506,0.12748265266418457
262,[0.33966652 0.6297844  0.9426056  1.112849  ],9.0,0.44217652,0.12748265266418457
262,[0.8773922  0.2301346  0.9243666  0.43865502],15.0,0.6140601,0.12748265266418457
263,[0.5307047 0.2800903 0.6782598 0.5028194],7.0,0.9987575,0.13943719863891602
263,[0.16252692 0.2587419  0.26854825 0.4273279 ],7.0,0.9828751,0.13943719863891602
263,[0.6588499  0.27626902 0.75948197 0.39240474],7.0,0.9098995,0.13943719863891602
263,[0.06317994 0.28194374 0.17260614 0.44953012],7.0,0.8166838,0.13943719863891602
263,[0.37137878 0.2662925  0.47522557 0.39430463],7.0,0.7835825,0.13943719863891602
263,[0.01390444 0.29539335 0.1606601  0.5010477 ],7.0,0.7301737,0.13943719863891602
263,[0.24108014 0.2797293  0.47838798 0.66094965],7.0,0.6201664,0.13943719863891602
263,[0.10120988 0.58481455 0.58556736 1.0939437 ],9.0,0.9986193,0.13943719863891602
263,[0.34192762 0.61268365 0.94505966 1.1207508 ],9.0,0.57045597,0.13943719863891602
263,[0.8752665  0.23273772 0.92176396 0.4398396 ],15.0,0.6222553,0.13943719863891602
264,[0.53098744 0.27984273 0.67834955 0.49535942],7.0,0.99802315,0.12956881523132324
264,[0.0613906  0.27603656 0.1740247  0.44487244],7.0,0.8940535,0.12956881523132324
264,[0.24893956 0.27737176 0.5025088  0.6728504 ],7.0,0.8880807,0.12956881523132324
264,[0.16388753 0.25378788 0.26953083 0.42772663],7.0,0.86596715,0.12956881523132324
264,[0.00974614 0.2943919  0.14571384 0.54012275],7.0,0.8399976,0.12956881523132324
264,[0.6573625  0.27410644 0.76071876 0.39174032],7.0,0.82090724,0.12956881523132324
264,[0.3728754  0.263187   0.47296625 0.3885948 ],7.0,0.6818939,0.12956881523132324
264,[0.08775792 0.6065013  0.62852323 1.1003634 ],9.0,0.99693584,0.12956881523132324
264,[0.32371315 0.68138266 0.92936933 1.1152304 ],9.0,0.57913667,0.12956881523132324
264,[0.8694257  0.23592012 0.9192596  0.4319116 ],15.0,0.6248599,0.12956881523132324
265,[0.53093195 0.27918947 0.67754316 0.49531627],7.0,0.9982217,0.1271822452545166
265,[0.16412945 0.25409642 0.26863536 0.42445168],7.0,0.9287388,0.1271822452545166
265,[0.65830016 0.27642295 0.7604666  0.39259025],7.0,0.8942114,0.1271822452545166
265,[0.24811108 0.2773698  0.50498575 0.6783499 ],7.0,0.8835898,0.1271822452545166
265,[0.0610989  0.27704394 0.17258318 0.44426292],7.0,0.8691352,0.1271822452545166
265,[0.00922319 0.29340535 0.14428101 0.54549515],7.0,0.84208566,0.1271822452545166
265,[0.375141   0.26423606 0.4752809  0.38925537],7.0,0.8099063,0.1271822452545166
265,[0.08680317 0.60438865 0.6110649  1.1028689 ],9.0,0.9983972,0.1271822452545166
265,[0.32025123 0.6208917  0.9356308  1.1203337 ],9.0,0.7795007,0.1271822452545166
265,[0.8689109  0.23607126 0.9188788  0.4297231 ],15.0,0.6191344,0.1271822452545166
266,[0.53639215 0.2745618  0.6772501  0.4942266 ],7.0,0.99799514,0.1292572021484375
266,[0.16419159 0.25426632 0.2742133  0.43088484],7.0,0.98359007,0.1292572021484375
266,[0.66104555 0.27484447 0.76404464 0.39065087],7.0,0.8484529,0.1292572021484375
266,[0.38355273 0.26140797 0.47812223 0.3903284 ],7.0,0.8378192,0.1292572021484375
266,[0.06875172 0.27129647 0.17838189 0.43807194],7.0,0.8054342,0.1292572021484375
266,[0.00699198 0.2942618  0.13430762 0.5392832 ],7.0,0.7891445,0.1292572021484375
266,[0.2486996  0.27575165 0.50604635 0.691518  ],7.0,0.5897641,0.1292572021484375
266,[0.10007641 0.5878173  0.618652   1.0908804 ],9.0,0.9929147,0.1292572021484375
266,[0.32657236 0.61262465 0.93361515 1.1144979 ],9.0,0.66114724,0.1292572021484375
266,[0.8633216  0.2257443  0.9194464  0.42831117],15.0,0.48063958,0.1292572021484375
267,[0.5367068  0.26478782 0.67829895 0.4874474 ],7.0,0.9981061,0.11626935005187988
267,[0.17145967 0.24832655 0.27011043 0.42081028],7.0,0.98502916,0.11626935005187988
267,[0.08188676 0.26524425 0.1921345  0.4506929 ],7.0,0.8767618,0.11626935005187988
267,[0.00779895 0.28434873 0.14960544 0.54565895],7.0,0.86125916,0.11626935005187988
267,[0.24910471 0.2679546  0.51712227 0.6921247 ],7.0,0.591842,0.11626935005187988
267,[0.41195595 0.26030797 0.49033946 0.3928361 ],7.0,0.58893174,0.11626935005187988
267,[0.66437733 0.26872283 0.7685574  0.38534743],7.0,0.5368912,0.11626935005187988
267,[0.11960813 0.57995427 0.62446034 1.09404   ],9.0,0.9304885,0.11626935005187988
267,[0.32568946 0.5961701  0.9356315  1.1239612 ],9.0,0.49708703,0.11626935005187988
267,[0.85792714 0.23408936 0.9227342  0.4359584 ],15.0,0.8112594,0.11626935005187988
268,[0.53326535 0.26681966 0.6785741  0.49142593],7.0,0.99887615,0.12747573852539062
268,[0.17200853 0.24361464 0.27158612 0.41281626],7.0,0.9848513,0.12747573852539062
268,[0.08474801 0.26763946 0.19454412 0.44028908],7.0,0.80971533,0.12747573852539062
268,[0.00706861 0.27998084 0.16646412 0.5168652 ],7.0,0.80883133,0.12747573852539062
268,[0.66565645 0.26908883 0.76676023 0.3824499 ],7.0,0.7142753,0.12747573852539062
268,[0.23738988 0.2601484  0.513288   0.68447596],7.0,0.5437282,0.12747573852539062
268,[0.41702372 0.25859928 0.48692977 0.39176583],7.0,0.43862477,0.12747573852539062
268,[0.16557442 0.5878439  0.62400675 1.0944637 ],9.0,0.9436499,0.12747573852539062
268,[0.32913885 0.5977441  0.93811953 1.1203637 ],9.0,0.57869077,0.12747573852539062
268,[0.8564585  0.21872604 0.91745263 0.4241652 ],15.0,0.7516439,0.12747573852539062
269,[0.50697434 0.855207   0.5958723  0.9929816 ],3.0,0.36355576,0.11262893676757812
269,[0.5364451  0.25945508 0.6793731  0.48042828],7.0,0.99823546,0.11262893676757812
269,[0.17902857 0.24925645 0.27404842 0.41694337],7.0,0.9859985,0.11262893676757812
269,[0.08860554 0.26535895 0.19969483 0.4495863 ],7.0,0.97318673,0.11262893676757812
269,[0.6696998  0.26375678 0.76842403 0.38153002],7.0,0.9427744,0.11262893676757812
269,[0.00668661 0.27871853 0.15616913 0.53298753],7.0,0.93343896,0.11262893676757812
269,[0.4142261 0.2581106 0.4870156 0.3921092],7.0,0.64492965,0.11262893676757812
269,[0.26559842 0.35196474 0.60042304 0.913833  ],7.0,0.62440723,0.11262893676757812
269,[0.16503483 0.5635931  0.60598093 1.0918033 ],9.0,0.8998064,0.11262893676757812
269,[0.3389678  0.58293545 0.94072604 1.1294924 ],9.0,0.5383698,0.11262893676757812
269,[0.8557126  0.21242064 0.9173017  0.42386967],15.0,0.92485064,0.11262893676757812
270,[0.50696456 0.85617316 0.5963844  0.992453  ],3.0,0.425844,0.12435173988342285
270,[0.5368597  0.26626855 0.6796039  0.4830665 ],7.0,0.99830616,0.12435173988342285
270,[0.17917027 0.24897179 0.2736479  0.415517  ],7.0,0.9909865,0.12435173988342285
270,[0.08829591 0.26528028 0.20031345 0.44948247],7.0,0.9636989,0.12435173988342285
270,[0.66878307 0.26253426 0.7682723  0.38091826],7.0,0.93021727,0.12435173988342285
270,[0.00660364 0.2775571  0.15622449 0.5331167 ],7.0,0.9221578,0.12435173988342285
270,[0.4120848  0.2579492  0.48638633 0.39238808],7.0,0.65804935,0.12435173988342285
270,[0.24401018 0.26275867 0.52017343 0.70179945],7.0,0.3956306,0.12435173988342285
270,[0.2638172 0.3539856 0.6060134 0.9110088],7.0,0.34461838,0.12435173988342285
270,[0.1487942  0.56375194 0.611454   1.0939745 ],9.0,0.9515689,0.12435173988342285
270,[0.3334659  0.5803788  0.93865347 1.1271687 ],9.0,0.474663,0.12435173988342285
270,[0.85574955 0.20988086 0.917314   0.42461994],15.0,0.9236054,0.12435173988342285
271,[0.5413589  0.26535726 0.6773457  0.4767908 ],7.0,0.9973763,0.12255525588989258
271,[0.18101315 0.25107867 0.27702254 0.40912074],7.0,0.9938704,0.12255525588989258
271,[0.09486242 0.2648913  0.2028507  0.44469735],7.0,0.9438125,0.12255525588989258
271,[0.67063427 0.26698208 0.7699603  0.38061935],7.0,0.9274013,0.12255525588989258
271,[0.00685554 0.27984235 0.15391207 0.5219575 ],7.0,0.88966614,0.12255525588989258
271,[0.2443252  0.26339364 0.5202874  0.69587505],7.0,0.6843513,0.12255525588989258
271,[0.41216964 0.25564647 0.4889323  0.39051193],7.0,0.6574936,0.12255525588989258
271,[0.26587605 0.35696635 0.6017877  0.8996278 ],7.0,0.3311185,0.12255525588989258
271,[0.16714476 0.5655687  0.6117464  1.0976655 ],9.0,0.797937,0.12255525588989258
271,[0.33504224 0.5769061  0.93568635 1.1319443 ],9.0,0.5216278,0.12255525588989258
271,[0.85341305 0.23400088 0.9146727  0.4227488 ],15.0,0.92881435,0.12255525588989258
272,[0.5456281  0.26092437 0.67794466 0.467495  ],7.0,0.9807674,0.1324615478515625
272,[0.18817537 0.24877608 0.28472844 0.40440083],7.0,0.95934546,0.1324615478515625
272,[0.6727848  0.269164   0.77397096 0.38108596],7.0,0.9539189,0.1324615478515625
272,[0.24809644 0.2635148  0.5204356  0.70617163],7.0,0.8997156,0.1324615478515625
272,[0.09980352 0.26412153 0.208153   0.44776958],7.0,0.8118003,0.1324615478515625
272,[0.48829064 0.2531634  0.54542774 0.38729465],7.0,0.5646491,0.1324615478515625
272,[0.0092466  0.27547392 0.18442146 0.5274973 ],7.0,0.3766454,0.1324615478515625
272,[0.11301617 0.5514207  0.6084934  1.0925452 ],9.0,0.9698593,0.1324615478515625
272,[0.32013667 0.56928706 0.9293448  1.1368551 ],9.0,0.6637779,0.1324615478515625
272,[0.8557754  0.23399396 0.9112888  0.42325222],15.0,0.86678773,0.1324615478515625
273,[0.546888   0.25824034 0.6777309  0.46497005],7.0,0.98083055,0.12928175926208496
273,[0.18814024 0.2455679  0.28554958 0.40645343],7.0,0.97235805,0.12928175926208496
273,[0.6711229  0.26391765 0.7717242  0.3784947 ],7.0,0.8893797,0.12928175926208496
273,[0.10928339 0.25075004 0.20818824 0.43762317],7.0,0.8105344,0.12928175926208496
273,[0.23999582 0.2611864  0.5277877  0.70489407],7.0,0.7745851,0.12928175926208496
273,[0.01052222 0.26389143 0.17545171 0.49690446],7.0,0.55330044,0.12928175926208496
273,[0.489714   0.26037914 0.5439093  0.37124115],7.0,0.30638626,0.12928175926208496
273,[0.09420761 0.567803   0.62151265 1.0948113 ],9.0,0.98650825,0.12928175926208496
273,[0.31847826 0.57478225 0.9196913  1.1346701 ],9.0,0.4215408,0.12928175926208496
273,[0.8554684  0.21292344 0.90901613 0.4160119 ],15.0,0.72712517,0.12928175926208496
274,[0.54561406 0.25704673 0.6775982  0.46260908],7.0,0.98059195,0.11887025833129883
274,[0.19332093 0.24451907 0.28791824 0.41778857],7.0,0.96143115,0.11887025833129883
274,[0.67530036 0.2597617  0.77482283 0.37976152],7.0,0.916313,0.11887025833129883
274,[0.10355847 0.25066745 0.21477221 0.4337108 ],7.0,0.91513574,0.11887025833129883
274,[0.0126693  0.25719768 0.19233973 0.49604136],7.0,0.49549106,0.11887025833129883
274,[0.23721805 0.2664023  0.52471256 0.6869544 ],7.0,0.3595589,0.11887025833129883
274,[0.40995425 0.2426993  0.49816197 0.3803055 ],7.0,0.33324474,0.11887025833129883
274,[0.09819421 0.56334436 0.6446918  1.1029022 ],9.0,0.9870374,0.11887025833129883
274,[0.8559476  0.21488406 0.9073883  0.40914547],15.0,0.6376412,0.11887025833129883
275,[0.5449608  0.2572321  0.6781822  0.46293774],7.0,0.9834554,0.11209535598754883
275,[0.19422139 0.24520943 0.28819805 0.42033157],7.0,0.96126723,0.11209535598754883
275,[0.10455251 0.25044525 0.21639538 0.4371699 ],7.0,0.9152076,0.11209535598754883
275,[0.6746254  0.26105273 0.7742827  0.37962586],7.0,0.8724172,0.11209535598754883
275,[0.00904059 0.26500446 0.17746645 0.5543123 ],7.0,0.43502653,0.11209535598754883
275,[0.41336995 0.24265534 0.49738377 0.38106805],7.0,0.3272068,0.11209535598754883
275,[0.24066254 0.26325336 0.52510965 0.6856824 ],7.0,0.3243047,0.11209535598754883
275,[0.10219994 0.57287014 0.6328521  1.1016237 ],9.0,0.9935662,0.11209535598754883
275,[0.85541743 0.21731868 0.9064042  0.40578714],15.0,0.59914976,0.11209535598754883
276,[0.5456133  0.25570616 0.67754936 0.46087256],7.0,0.98113865,0.11929559707641602
276,[0.19752972 0.24328369 0.2946298  0.4228211 ],7.0,0.976843,0.11929559707641602
276,[0.6782296  0.26722252 0.77954876 0.37482262],7.0,0.9653796,0.11929559707641602
276,[0.1110017  0.24897492 0.21527559 0.43311453],7.0,0.8685919,0.11929559707641602
276,[0.00765297 0.2636627  0.1931202  0.5524349 ],7.0,0.71911377,0.11929559707641602
276,[0.30900818 0.25355047 0.4973632  0.43878055],7.0,0.52735835,0.11929559707641602
276,[0.48903638 0.24697867 0.54532224 0.37282148],7.0,0.39509434,0.11929559707641602
276,[0.10998178 0.5648038  0.6464884  1.1096113 ],9.0,0.98749626,0.11929559707641602
276,[0.852457   0.23476425 0.90403455 0.41917303],15.0,0.54710305,0.11929559707641602
277,[0.5508105  0.25229546 0.6801087  0.45711568],7.0,0.99338394,0.1211845874786377
277,[0.20055136 0.24723858 0.30396244 0.42556387],7.0,0.9717221,0.1211845874786377
277,[0.68680584 0.25692898 0.78143394 0.38022834],7.0,0.9469266,0.1211845874786377
277,[0.11201286 0.24973308 0.22316167 0.4298885 ],7.0,0.8250578,0.1211845874786377
277,[0.2970131  0.2519321  0.49612546 0.464067  ],7.0,0.5686389,0.1211845874786377
277,[0.00856499 0.26081464 0.2026015  0.55485475],7.0,0.3717959,0.1211845874786377
277,[0.4934242  0.24134913 0.5451115  0.370599  ],7.0,0.3212504,0.1211845874786377
277,[0.10096067 0.55602264 0.61653525 1.1059318 ],9.0,0.98185205,0.1211845874786377
277,[0.33346233 0.5715894  0.9239265  1.1348028 ],9.0,0.4202558,0.1211845874786377
277,[0.853366   0.23862216 0.8986552  0.41192558],15.0,0.49854907,0.1211845874786377
278,[0.55155176 0.2537497  0.67975885 0.45696715],7.0,0.99074477,0.13470721244812012
278,[0.11731943 0.24890988 0.2246024  0.43089008],7.0,0.9135896,0.13470721244812012
278,[0.68713796 0.2682254  0.7918011  0.3764337 ],7.0,0.85921705,0.13470721244812012
278,[0.20067556 0.24704166 0.307612   0.42220277],7.0,0.83360875,0.13470721244812012
278,[0.3067376  0.24966796 0.4983316  0.47485405],7.0,0.8109105,0.13470721244812012
278,[0.23318784 0.38718688 0.5274235  0.8240349 ],7.0,0.61274874,0.13470721244812012
278,[0.01042197 0.2634037  0.20541778 0.55939347],7.0,0.39427432,0.13470721244812012
278,[0.49440464 0.24252486 0.54539603 0.3727913 ],7.0,0.3246557,0.13470721244812012
278,[0.09870222 0.56373227 0.61895263 1.1017026 ],9.0,0.9816735,0.13470721244812012
278,[0.32332027 0.5731604  0.92810714 1.1420045 ],9.0,0.69945043,0.13470721244812012
278,[0.8511815  0.21912491 0.8951986  0.39142972],15.0,0.33308256,0.13470721244812012
279,[0.5518512  0.25644022 0.67780715 0.4531911 ],7.0,0.9868665,0.13489723205566406
279,[0.11814402 0.24609682 0.2265601  0.42689297],7.0,0.94177896,0.13489723205566406
279,[0.20808887 0.24687406 0.29934573 0.41866717],7.0,0.90029967,0.13489723205566406
279,[0.69099873 0.26307517 0.7958358  0.37320906],7.0,0.88389766,0.13489723205566406
279,[0.31675574 0.2507764  0.5061065  0.4713099 ],7.0,0.87696475,0.13489723205566406
279,[0.01174224 0.25661737 0.20503983 0.4976521 ],7.0,0.6353378,0.13489723205566406
279,[0.22943076 0.38607383 0.5425174  0.8461623 ],7.0,0.5561528,0.13489723205566406
279,[0.09286612 0.56430066 0.64031637 1.108364  ],9.0,0.9513849,0.13489723205566406
279,[0.32451844 0.57200307 0.9252901  1.1354482 ],9.0,0.67452526,0.13489723205566406
279,[0.84529334 0.21625426 0.8961174  0.38877437],15.0,0.40797836,0.13489723205566406
280,[0.5519714  0.25620747 0.67861277 0.45331544],7.0,0.98865473,0.13018369674682617
280,[0.11761297 0.24553208 0.22649209 0.42720693],7.0,0.9394564,0.13018369674682617
280,[0.2072418  0.24569486 0.29924455 0.4154135 ],7.0,0.91263103,0.13018369674682617
280,[0.69088864 0.26674232 0.79377186 0.37283048],7.0,0.89810157,0.13018369674682617
280,[0.31236258 0.2515489  0.50438386 0.47253513],7.0,0.89073557,0.13018369674682617
280,[0.00932418 0.26025742 0.19707622 0.55098265],7.0,0.6741437,0.13018369674682617
280,[0.23106194 0.3865108  0.54624206 0.8519111 ],7.0,0.49831992,0.13018369674682617
280,[0.0941582  0.5658972  0.63284624 1.099092  ],9.0,0.97030616,0.13018369674682617
280,[0.33516732 0.57304764 0.92950976 1.136042  ],9.0,0.5065944,0.13018369674682617
280,[0.84543526 0.21308525 0.89539325 0.38748467],15.0,0.45929447,0.13018369674682617
281,[0.5536715  0.2573711  0.67817605 0.45196941],7.0,0.97803736,0.1132659912109375
281,[0.31052864 0.24849957 0.50324076 0.46559495],7.0,0.90232277,0.1132659912109375
281,[0.6914276  0.25403327 0.7941185  0.38037163],7.0,0.86948216,0.1132659912109375
281,[0.21255206 0.24538183 0.29844093 0.41786027],7.0,0.80839384,0.1132659912109375
281,[0.12165008 0.24893177 0.22843197 0.4286276 ],7.0,0.79413724,0.1132659912109375
281,[0.22780794 0.38216567 0.53356004 0.82687926],7.0,0.5288604,0.1132659912109375
281,[0.00905968 0.2601024  0.19592994 0.5749502 ],7.0,0.48670834,0.1132659912109375
281,[0.0859257  0.56756485 0.65271205 1.1065425 ],9.0,0.9855019,0.1132659912109375
281,[0.31531945 0.57284474 0.9242617  1.1305149 ],9.0,0.6075543,0.1132659912109375
281,[0.5852179 0.7048581 1.0904322 1.1135582],9.0,0.4169339,0.1132659912109375
281,[0.8391216  0.20690152 0.8985417  0.4058729 ],15.0,0.47488874,0.1132659912109375
282,[0.30650833 0.24390405 0.5079516  0.45062733],7.0,0.9980268,0.13000249862670898
282,[0.55293024 0.25604832 0.67788064 0.44808376],7.0,0.9844403,0.13000249862670898
282,[0.6907915  0.25389862 0.785323   0.3768561 ],7.0,0.9765828,0.13000249862670898
282,[0.21343175 0.24831483 0.30155858 0.41753653],7.0,0.925398,0.13000249862670898
282,[0.13097093 0.24400946 0.2363548  0.42491254],7.0,0.880768,0.13000249862670898
282,[0.22786985 0.37540638 0.5139071  0.74122095],7.0,0.8219545,0.13000249862670898
282,[0.00914155 0.25817913 0.20264892 0.57096666],7.0,0.5778719,0.13000249862670898
282,[0.08253115 0.5717666  0.6552677  1.1203257 ],9.0,0.9849585,0.13000249862670898
282,[0.33825144 0.5870755  0.91533554 1.1122249 ],9.0,0.6835153,0.13000249862670898
282,[0.8318221 0.234067  0.8893222 0.4088178],15.0,0.5325427,0.13000249862670898
283,[0.55309    0.2523617  0.6797162  0.44771433],7.0,0.9875565,0.12344980239868164
283,[0.30731612 0.24330567 0.5069354  0.46536553],7.0,0.98754346,0.12344980239868164
283,[0.6931534  0.250148   0.78349113 0.3793403 ],7.0,0.9590977,0.12344980239868164
283,[0.23116356 0.37017548 0.4891932  0.7202244 ],7.0,0.9468189,0.12344980239868164
283,[0.13353921 0.24722217 0.23823296 0.42896754],7.0,0.86824083,0.12344980239868164
283,[0.215581   0.24853349 0.29907042 0.39749336],7.0,0.81146854,0.12344980239868164
283,[0.00655691 0.2551598  0.2200894  0.57502156],7.0,0.5711318,0.12344980239868164
283,[0.08924741 0.5748545  0.6482972  1.1175815 ],9.0,0.9919214,0.12344980239868164
283,[0.33896646 0.58282036 0.9060563  1.1126287 ],9.0,0.6278693,0.12344980239868164
283,[0.58728653 0.7024263  1.0912254  1.1091623 ],9.0,0.3216226,0.12344980239868164
283,[0.8291704  0.23990056 0.8889727  0.40465942],15.0,0.40397418,0.12344980239868164
284,[0.3106485  0.24171337 0.5069652  0.47210976],7.0,0.9939693,0.14140892028808594
284,[0.5550601 0.2517811 0.6792608 0.4452358],7.0,0.98052704,0.14140892028808594
284,[0.69341624 0.25581092 0.7809198  0.37590933],7.0,0.94848907,0.14140892028808594
284,[0.23843211 0.37499297 0.48331326 0.69320226],7.0,0.9133835,0.14140892028808594
284,[0.00859076 0.251558   0.23247734 0.5634197 ],7.0,0.6853256,0.14140892028808594
284,[0.14222848 0.24445409 0.23584    0.42313415],7.0,0.6463561,0.14140892028808594
284,[0.22162192 0.24872729 0.30027503 0.3915029 ],7.0,0.5988422,0.14140892028808594
284,[0.7679502  0.23439696 0.8278738  0.36327103],7.0,0.36856613,0.14140892028808594
284,[0.08760375 0.5696818  0.6514427  1.1300933 ],9.0,0.99262416,0.14140892028808594
284,[0.3494528  0.57596827 0.89415854 1.1133696 ],9.0,0.51200855,0.14140892028808594
284,[0.5842812 0.7294791 1.0885453 1.1152978],9.0,0.40544048,0.14140892028808594
284,[0.83058155 0.24846801 0.8832325  0.40646568],15.0,0.48429412,0.14140892028808594
285,[0.3099745  0.24111521 0.5084939  0.46886528],7.0,0.99573815,0.13400506973266602
285,[0.55441093 0.25133562 0.67927265 0.44572222],7.0,0.9869604,0.13400506973266602
285,[0.23741086 0.37397438 0.4819383  0.6941535 ],7.0,0.9746889,0.13400506973266602
285,[0.69488955 0.25470862 0.782431   0.37665638],7.0,0.9158386,0.13400506973266602
285,[0.00794625 0.25167692 0.23171926 0.562092  ],7.0,0.7403923,0.13400506973266602
285,[0.22069381 0.24900046 0.30103123 0.3984913 ],7.0,0.59028494,0.13400506973266602
285,[0.14121595 0.24506733 0.23614013 0.4217281 ],7.0,0.5823042,0.13400506973266602
285,[0.08803642 0.5698875  0.65173763 1.1230568 ],9.0,0.9940181,0.13400506973266602
285,[0.3506753  0.5809281  0.89645875 1.1073712 ],9.0,0.50948614,0.13400506973266602
285,[0.5843737  0.72311455 1.0888774  1.1110435 ],9.0,0.32111153,0.13400506973266602
285,[0.83111244 0.257082   0.88307685 0.4047438 ],15.0,0.44972315,0.13400506973266602
286,[0.30898455 0.23815352 0.5069147  0.47066456],7.0,0.99951935,0.12770795822143555
286,[0.23734105 0.37165403 0.4779228  0.68036354],7.0,0.9894209,0.12770795822143555
286,[0.5561016  0.25237986 0.6799143  0.44427952],7.0,0.97192454,0.12770795822143555
286,[0.69666594 0.25629035 0.7823066  0.37538192],7.0,0.93923086,0.12770795822143555
286,[0.00871181 0.24993162 0.23466334 0.5455458 ],7.0,0.9317725,0.12770795822143555
286,[0.2254243  0.25008446 0.3015894  0.3955202 ],7.0,0.41466495,0.12770795822143555
286,[0.14287627 0.24455437 0.23900431 0.43983075],7.0,0.3898869,0.12770795822143555
286,[0.10462725 0.57562244 0.64851016 1.1130401 ],9.0,0.9606256,0.12770795822143555
286,[0.3480606  0.59779894 0.9009409  1.1149058 ],9.0,0.3556018,0.12770795822143555
286,[0.82957375 0.24651767 0.8808452  0.40697885],15.0,0.5643423,0.12770795822143555
287,[0.3122486  0.23887861 0.506593   0.48617542],7.0,0.9997285,0.13207340240478516
287,[0.2352923  0.34990847 0.4796912  0.68951   ],7.0,0.9916323,0.13207340240478516
287,[0.5401172  0.23803845 0.66205317 0.41611686],7.0,0.9745413,0.13207340240478516
287,[0.00615837 0.250902   0.2261984  0.5339144 ],7.0,0.9290794,0.13207340240478516
287,[0.69758874 0.25259882 0.78380555 0.3749696 ],7.0,0.8456016,0.13207340240478516
287,[0.15401702 0.24608919 0.24036272 0.441359  ],7.0,0.59901875,0.13207340240478516
287,[0.22838783 0.25191265 0.30324346 0.38722628],7.0,0.4775149,0.13207340240478516
287,[0.5032458  0.24219039 0.54121894 0.37047443],7.0,0.33661103,0.13207340240478516
287,[0.4689537  0.23593391 0.51561695 0.3813616 ],7.0,0.31996876,0.13207340240478516
287,[0.10055313 0.57943404 0.6457392  1.1154172 ],9.0,0.9750426,0.13207340240478516
287,[0.8220329  0.20905489 0.88176334 0.39270383],15.0,0.67494196,0.13207340240478516
288,[0.31562006 0.23448388 0.5092994  0.48358232],7.0,0.99960583,0.1296405792236328
288,[0.53873986 0.23733255 0.6608624  0.41707715],7.0,0.979126,0.1296405792236328
288,[0.2289061  0.34114653 0.47779828 0.6882096 ],7.0,0.96232253,0.1296405792236328
288,[0.00813628 0.24841209 0.23475462 0.538503  ],7.0,0.95608944,0.1296405792236328
288,[0.69782406 0.24821949 0.78454596 0.37427545],7.0,0.82352,0.1296405792236328
288,[0.15464556 0.24567847 0.24080542 0.43206316],7.0,0.5504793,0.1296405792236328
288,[0.23024842 0.25430036 0.30605504 0.40090436],7.0,0.45487973,0.1296405792236328
288,[0.466312   0.2552292  0.5018134  0.39882544],7.0,0.30592325,0.1296405792236328
288,[0.10130143 0.5768331  0.647702   1.1288885 ],9.0,0.9699159,0.1296405792236328
288,[0.33679673 0.5805379  0.904691   1.1131375 ],9.0,0.6624127,0.1296405792236328
288,[0.59548676 0.6998651  1.0897638  1.0987055 ],9.0,0.40874976,0.1296405792236328
288,[0.82276475 0.21249291 0.87939024 0.39160404],15.0,0.77058905,0.1296405792236328
289,[0.31177032 0.23124087 0.50966334 0.48934853],7.0,0.9990758,0.11839652061462402
289,[0.53886914 0.23611195 0.66189253 0.411753  ],7.0,0.9859331,0.11839652061462402
289,[0.2294944  0.33714998 0.471138   0.69032264],7.0,0.9775534,0.11839652061462402
289,[0.00935955 0.24565801 0.25983953 0.52377474],7.0,0.9599784,0.11839652061462402
289,[0.45092943 0.23180044 0.5143476  0.38015932],7.0,0.6001645,0.11839652061462402
289,[0.70041305 0.2439611  0.7884684  0.36866665],7.0,0.56790954,0.11839652061462402
289,[0.09720939 0.5801039  0.6186307  1.1251875 ],9.0,0.97861564,0.11839652061462402
289,[0.83009404 0.2138069  0.87801605 0.3933443 ],15.0,0.43483347,0.11839652061462402
290,[0.31070727 0.2313954  0.50864226 0.49550244],7.0,0.9988617,0.13832974433898926
290,[0.5383475  0.23576406 0.6623157  0.41247818],7.0,0.9875358,0.13832974433898926
290,[0.22895104 0.3377193  0.47154212 0.68796325],7.0,0.96890646,0.13832974433898926
290,[0.00922637 0.24451448 0.25599986 0.5221382 ],7.0,0.9673592,0.13832974433898926
290,[0.45561627 0.2449402  0.50372744 0.39467633],7.0,0.53865147,0.13832974433898926
290,[0.69993    0.24257402 0.78841823 0.37052536],7.0,0.4733639,0.13832974433898926
290,[0.10324916 0.580099   0.6113391  1.1219769 ],9.0,0.9602772,0.13832974433898926
290,[0.8299001 0.2169311 0.8780387 0.3904112],15.0,0.3776594,0.13832974433898926
291,[0.6979902  0.16364759 0.78511786 0.365144  ],6.0,0.49670044,0.13853096961975098
291,[0.30015934 0.22579563 0.50367296 0.49261218],7.0,0.9987575,0.13853096961975098
291,[0.53915834 0.23308384 0.6625732  0.41248053],7.0,0.98176783,0.13853096961975098
291,[0.010828   0.24251501 0.24982636 0.51678723],7.0,0.9767719,0.13853096961975098
291,[0.23565364 0.32661536 0.475523   0.717878  ],7.0,0.87928534,0.13853096961975098
291,[0.70024467 0.24923067 0.7873236  0.3736138 ],7.0,0.72771305,0.13853096961975098
291,[0.22705352 0.24944222 0.31325823 0.41753256],7.0,0.44901392,0.13853096961975098
291,[0.4563844  0.23074996 0.5146003  0.37754554],7.0,0.39457184,0.13853096961975098
291,[0.42151484 0.21471372 0.50111556 0.37955067],7.0,0.332949,0.13853096961975098
291,[0.10322753 0.58521533 0.61048746 1.1246617 ],9.0,0.7973795,0.13853096961975098
291,[0.61474514 0.71256816 1.0839084  1.109169  ],9.0,0.3808767,0.13853096961975098
291,[0.8314915  0.25991455 0.873415   0.39517143],15.0,0.44555447,0.13853096961975098
292,[0.2826964  0.22231622 0.502561   0.47291672],7.0,0.99744797,0.1294388771057129
292,[0.23823327 0.30639845 0.47082078 0.66867256],7.0,0.98460096,0.1294388771057129
292,[0.01331126 0.22973853 0.24851692 0.5099147 ],7.0,0.97902006,0.1294388771057129
292,[0.54045993 0.23056968 0.665883   0.40912336],7.0,0.97637546,0.1294388771057129
292,[0.4509138  0.22416511 0.5194402  0.3857095 ],7.0,0.7574922,0.1294388771057129
292,[0.6994132  0.22081786 0.7867631  0.36211807],7.0,0.60648733,0.1294388771057129
292,[0.09375465 0.579153   0.63340694 1.116318  ],9.0,0.931109,0.1294388771057129
292,[0.3609739  0.62765634 0.89850646 1.1137525 ],9.0,0.51930386,0.1294388771057129
292,[0.6031194 0.6934041 1.091663  1.1135887],9.0,0.43849498,0.1294388771057129
292,[0.8344986  0.28106225 0.8679213  0.39054984],15.0,0.3231593,0.1294388771057129
293,[0.3041601  0.22214893 0.5023694  0.4697459 ],7.0,0.9974172,0.12583184242248535
293,[0.01278573 0.23126793 0.24023646 0.51156586],7.0,0.9957984,0.12583184242248535
293,[0.23935463 0.30659497 0.46552467 0.66144633],7.0,0.99217767,0.12583184242248535
293,[0.5398966 0.2323783 0.66582   0.4084021],7.0,0.98337966,0.12583184242248535
293,[0.44832507 0.22734985 0.515538   0.38246855],7.0,0.62449145,0.12583184242248535
293,[0.70086926 0.22649014 0.7872266  0.36322665],7.0,0.56511587,0.12583184242248535
293,[0.09692529 0.5940144  0.6399709  1.1250513 ],9.0,0.7314893,0.12583184242248535
293,[0.38820767 0.65809625 0.9100399  1.1006687 ],9.0,0.6194302,0.12583184242248535
294,[0.32579917 0.21851014 0.50644463 0.4543286 ],7.0,0.9982932,0.11936521530151367
294,[0.01484974 0.22925463 0.23659681 0.503512  ],7.0,0.9967803,0.11936521530151367
294,[0.2384434  0.31494766 0.46049115 0.65804535],7.0,0.9965899,0.11936521530151367
294,[0.539704   0.233377   0.66604394 0.41195023],7.0,0.9825215,0.11936521530151367
294,[0.44893005 0.22604641 0.515807   0.38459888],7.0,0.6670912,0.11936521530151367
294,[0.7012522  0.23054451 0.79313445 0.3644948 ],7.0,0.4627376,0.11936521530151367
294,[0.41791677 0.68771654 0.9097619  1.111122  ],9.0,0.92829126,0.11936521530151367
294,[0.09900039 0.6001231  0.63974214 1.1187651 ],9.0,0.42035457,0.11936521530151367
294,[0.81495667 0.2710395  0.8528693  0.3939889 ],15.0,0.30323964,0.11936521530151367
295,[0.32747236 0.21916278 0.5067813  0.454135  ],7.0,0.9982541,0.12217020988464355
295,[0.23823977 0.31826943 0.4598918  0.6517351 ],7.0,0.99631196,0.12217020988464355
295,[0.01511779 0.22847919 0.2413798  0.5050349 ],7.0,0.9954561,0.12217020988464355
295,[0.54009026 0.23232427 0.6650992  0.4124501 ],7.0,0.98233896,0.12217020988464355
295,[0.44896615 0.22594878 0.5168226  0.38413933],7.0,0.69581926,0.12217020988464355
295,[0.3818523  0.6865207  0.90993714 1.1007043 ],9.0,0.75051415,0.12217020988464355
295,[0.10309398 0.6021548  0.643487   1.1121249 ],9.0,0.3665384,0.12217020988464355
295,[0.81531984 0.27892303 0.85169727 0.3935681 ],15.0,0.31454375,0.12217020988464355
