0,[0.69831026 0.42052227 0.9093853  0.7465691 ],2.0,0.99560326,0.052802085876464844
0,[0.6504128  0.32267702 0.8016869  0.58043784],2.0,0.9894055,0.052802085876464844
0,[0.08817501 0.3306916  0.26005423 0.5742874 ],2.0,0.9867733,0.052802085876464844
0,[0.3118041 0.5284128 0.5365559 0.7748163],2.0,0.98512596,0.052802085876464844
0,[0.21940333 0.33673885 0.31193948 0.5140946 ],2.0,0.9755856,0.052802085876464844
0,[0.5158447  0.32456067 0.592664   0.45410797],2.0,0.95386285,0.052802085876464844
0,[0.2976209  0.39703184 0.544084   0.7814861 ],2.0,0.94164306,0.052802085876464844
0,[0.7093978  0.28445673 0.82012224 0.41525507],2.0,0.92742676,0.052802085876464844
0,[0.5723047  0.41190094 0.6589346  0.7423381 ],0.0,0.91562235,0.052802085876464844
0,[0.5954479  0.3108605  0.66136515 0.4735636 ],0.0,0.8614644,0.052802085876464844
0,[0.31648144 0.39330038 0.5181404  0.639232  ],2.0,0.8261571,0.052802085876464844
0,[0.57249767 0.52069247 0.6568362  0.7625021 ],3.0,0.7395865,0.052802085876464844
0,[0.49591917 0.21747059 0.6099816  0.44949663],7.0,0.7384744,0.052802085876464844
0,[0.62552726 0.2882916  0.71187365 0.38017258],2.0,0.70669025,0.052802085876464844
0,[0.26028398 0.30962092 0.32070825 0.3961928 ],2.0,0.6839538,0.052802085876464844
0,[0.3067086  0.28505564 0.49995008 0.5250754 ],2.0,0.6661279,0.052802085876464844
0,[0.00079754 0.47823983 0.17007634 0.69293314],2.0,0.6040839,0.052802085876464844
1,[0.3095451  0.5254262  0.5333214  0.78575546],2.0,0.9967964,0.059953927993774414
1,[0.69248897 0.41231015 0.903223   0.74601185],2.0,0.9931843,0.059953927993774414
1,[0.08570028 0.3318482  0.255441   0.571865  ],2.0,0.99032766,0.059953927993774414
1,[0.64292747 0.32641223 0.78728586 0.571829  ],2.0,0.9808456,0.059953927993774414
1,[0.5130909  0.32939535 0.58982366 0.45589066],2.0,0.9720055,0.059953927993774414
1,[0.21936134 0.33910304 0.30792353 0.51365334],2.0,0.9593392,0.059953927993774414
1,[0.7082577  0.28563944 0.8156457  0.4175727 ],2.0,0.9490642,0.059953927993774414
1,[0.         0.47785103 0.16445248 0.68704104],2.0,0.8956613,0.059953927993774414
1,[0.3155786  0.39551985 0.5151781  0.6403043 ],2.0,0.8796885,0.059953927993774414
1,[0.30506852 0.33410668 0.52157795 0.72734356],2.0,0.8794551,0.059953927993774414
1,[0.49111405 0.2153078  0.6057784  0.39233866],7.0,0.8428896,0.059953927993774414
1,[0.58611816 0.32370433 0.65478414 0.46759644],0.0,0.8312886,0.059953927993774414
1,[0.5659543  0.4191565  0.65466654 0.73297757],0.0,0.81749576,0.059953927993774414
1,[0.4259814  0.27571893 0.5323277  0.49587226],2.0,0.76387,0.059953927993774414
1,[0.5675183  0.52588403 0.6523908  0.758018  ],3.0,0.7223675,0.059953927993774414
1,[0.7776245 0.273615  0.837144  0.3867517],2.0,0.6681871,0.059953927993774414
1,[0.30330846 0.28491288 0.4958301  0.51922417],2.0,0.6572627,0.059953927993774414
1,[0.6362765  0.28979224 0.7052977  0.37857413],2.0,0.6349601,0.059953927993774414
2,[0.29962477 0.52587295 0.52962494 0.78398454],2.0,0.99800634,0.05719757080078125
2,[0.68459576 0.40721425 0.89829105 0.7466146 ],2.0,0.9927486,0.05719757080078125
2,[0.07984107 0.33420205 0.25561962 0.57041997],2.0,0.992467,0.05719757080078125
2,[0.7054327  0.28947803 0.8120236  0.41580144],2.0,0.97171736,0.05719757080078125
2,[0.21916798 0.34052464 0.3040419  0.5154535 ],2.0,0.9687197,0.05719757080078125
2,[0.6408404  0.32061654 0.7836511  0.5348989 ],2.0,0.96474135,0.05719757080078125
2,[0.5114497  0.33110547 0.5903555  0.4566539 ],2.0,0.9627742,0.05719757080078125
2,[0.3093632  0.39545602 0.5130274  0.64056915],2.0,0.8823456,0.05719757080078125
2,[0.56272036 0.41863614 0.650206   0.7345107 ],0.0,0.86699957,0.05719757080078125
2,[0.5873141  0.31666118 0.6506227  0.46358007],0.0,0.86092305,0.05719757080078125
2,[0.29756758 0.33526558 0.5239831  0.7262489 ],2.0,0.8608588,0.05719757080078125
2,[0.         0.48385757 0.14895085 0.6763082 ],2.0,0.83443743,0.05719757080078125
2,[0.56507635 0.5317101  0.64989936 0.75136846],3.0,0.80158967,0.05719757080078125
2,[0.42222244 0.27512354 0.52901715 0.49324304],2.0,0.76304984,0.05719757080078125
2,[0.2971847  0.2839504  0.495336   0.51210433],2.0,0.74743676,0.05719757080078125
2,[0.49065542 0.21720076 0.6025405  0.39115757],7.0,0.7174028,0.05719757080078125
2,[0.77606696 0.27580768 0.83509284 0.3787676 ],2.0,0.6977672,0.05719757080078125
2,[0.63377166 0.29285073 0.7003466  0.37925762],2.0,0.625026,0.05719757080078125
3,[0.3007018  0.52460015 0.5294489  0.7847228 ],2.0,0.998197,0.050351858139038086
3,[0.0785597  0.33381394 0.25652462 0.57219696],2.0,0.9918665,0.050351858139038086
3,[0.6841073  0.4060321  0.89972305 0.7469324 ],2.0,0.98996013,0.050351858139038086
3,[0.7053057 0.2893688 0.8130442 0.4163329],2.0,0.96951824,0.050351858139038086
3,[0.21926372 0.34074765 0.3047147  0.5150675 ],2.0,0.96776813,0.050351858139038086
3,[0.6431036  0.32765257 0.7821182  0.5694428 ],2.0,0.9676757,0.050351858139038086
3,[0.51163787 0.33063138 0.5904266  0.45671707],2.0,0.965432,0.050351858139038086
3,[0.3094704  0.39515123 0.51340836 0.63746977],2.0,0.8890834,0.050351858139038086
3,[0.         0.48292083 0.14899853 0.67768186],2.0,0.88685536,0.050351858139038086
3,[0.5626979  0.41730833 0.65029013 0.73410976],0.0,0.8814913,0.050351858139038086
3,[0.2877733  0.39446515 0.53925574 0.7938859 ],2.0,0.845252,0.050351858139038086
3,[0.56524956 0.53239095 0.6492766  0.7509614 ],3.0,0.8104903,0.050351858139038086
3,[0.5876298  0.31892264 0.65100956 0.46237963],0.0,0.8023593,0.050351858139038086
3,[0.42146498 0.2752453  0.5294412  0.49310392],2.0,0.7864195,0.050351858139038086
3,[0.29657096 0.28419665 0.49419153 0.5104893 ],2.0,0.75432765,0.050351858139038086
3,[0.49102244 0.21747099 0.6032021  0.39179742],7.0,0.74402815,0.050351858139038086
3,[0.775961   0.27540556 0.8356828  0.3794938 ],2.0,0.6827813,0.050351858139038086
3,[0.2935723  0.28001988 0.51334995 0.66263914],2.0,0.65294045,0.050351858139038086
3,[0.6335863  0.29241973 0.69999015 0.38013262],2.0,0.61774963,0.050351858139038086
4,[0.29808354 0.52410567 0.52664536 0.7830293 ],2.0,0.9971963,0.05057859420776367
4,[0.6768755  0.40517747 0.8935107  0.7453759 ],2.0,0.9948026,0.05057859420776367
4,[0.07850473 0.33377898 0.25190783 0.57409483],2.0,0.9891398,0.05057859420776367
4,[0.6354464  0.32700032 0.77701056 0.5722254 ],2.0,0.9802333,0.05057859420776367
4,[0.69924116 0.28861463 0.81633294 0.41562754],2.0,0.978891,0.05057859420776367
4,[0.55790424 0.3962553  0.647187   0.7071802 ],0.0,0.96401083,0.05057859420776367
4,[0.21825191 0.33861914 0.30197367 0.5175725 ],2.0,0.9558029,0.05057859420776367
4,[0.50691074 0.33120513 0.58666366 0.45713693],2.0,0.9550684,0.05057859420776367
4,[0.         0.47799066 0.14763936 0.67685914],2.0,0.93187314,0.05057859420776367
4,[0.31003782 0.39086023 0.51083887 0.6403669 ],2.0,0.8920748,0.05057859420776367
4,[0.2856397  0.39491755 0.53866726 0.7960226 ],2.0,0.86750907,0.05057859420776367
4,[0.5823423  0.32968345 0.6462956  0.46080682],0.0,0.8252155,0.05057859420776367
4,[0.56123483 0.54407656 0.64651525 0.7475951 ],3.0,0.8206215,0.05057859420776367
4,[0.42249268 0.27538756 0.5245789  0.49334183],2.0,0.7582854,0.05057859420776367
4,[0.29344112 0.28314885 0.4932012  0.51701856],2.0,0.7502398,0.05057859420776367
4,[0.482288   0.21877658 0.59942937 0.38977587],7.0,0.697893,0.05057859420776367
4,[0.632627   0.29175085 0.694325   0.3805375 ],2.0,0.66950554,0.05057859420776367
4,[0.85147405 0.25483707 0.9427134  0.44906977],5.0,0.61386347,0.05057859420776367
5,[0.2981984  0.5210817  0.52019477 0.7806965 ],2.0,0.9978367,0.04843020439147949
5,[0.67263275 0.40265727 0.88698465 0.7446327 ],2.0,0.9901337,0.04843020439147949
5,[0.62893283 0.32176834 0.77162516 0.5802677 ],2.0,0.98785925,0.04843020439147949
5,[0.07722475 0.33410567 0.25271863 0.57423264],2.0,0.9842734,0.04843020439147949
5,[0.6986075  0.28907847 0.8150695  0.41725725],2.0,0.98096347,0.04843020439147949
5,[0.55286616 0.38895744 0.64391416 0.7122101 ],0.0,0.9774873,0.04843020439147949
5,[0.5048777  0.33267725 0.58487713 0.45828158],2.0,0.9598308,0.04843020439147949
5,[0.3064628  0.37502152 0.49599126 0.588283  ],2.0,0.9370604,0.04843020439147949
5,[0.         0.4764765  0.14648989 0.6780736 ],2.0,0.93141973,0.04843020439147949
5,[0.21704611 0.35442948 0.30032167 0.5045923 ],2.0,0.9312546,0.04843020439147949
5,[0.41999248 0.27381676 0.52347475 0.49450928],2.0,0.8661493,0.04843020439147949
5,[0.28940356 0.2828994  0.49085534 0.5184667 ],2.0,0.84108555,0.04843020439147949
5,[0.48234922 0.21940298 0.59592086 0.38946545],7.0,0.7701493,0.04843020439147949
5,[0.5644839  0.56858045 0.63724744 0.72708267],3.0,0.7043646,0.04843020439147949
5,[0.5814468  0.32901978 0.64439267 0.4578395 ],0.0,0.7010052,0.04843020439147949
5,[0.84369326 0.2568941  0.9419254  0.44909972],5.0,0.6853125,0.04843020439147949
5,[0.77233076 0.2736355  0.83361316 0.38235706],2.0,0.6715673,0.04843020439147949
5,[0.5319869  0.10470338 0.5537004  0.1385763 ],9.0,0.6222715,0.04843020439147949
6,[0.6695981  0.3848221  0.87678957 0.72176814],2.0,0.9892496,0.0482487678527832
6,[0.6226535  0.32087392 0.76427805 0.5371176 ],2.0,0.98897153,0.0482487678527832
6,[0.07312854 0.33274493 0.2504233  0.56689656],2.0,0.98841834,0.0482487678527832
6,[0.27933946 0.5203245  0.5132927  0.77234465],2.0,0.98134935,0.0482487678527832
6,[0.54459697 0.38564348 0.6272574  0.7008066 ],0.0,0.97234493,0.0482487678527832
6,[0.6971665  0.29445046 0.7958031  0.40643972],2.0,0.9642564,0.0482487678527832
6,[0.         0.4642622  0.14912793 0.68880063],2.0,0.9616477,0.0482487678527832
6,[0.5031429  0.33079135 0.5803214  0.45262992],2.0,0.9405914,0.0482487678527832
6,[0.21429275 0.3529072  0.29522175 0.50122505],2.0,0.9340206,0.0482487678527832
6,[0.30365437 0.365287   0.4898929  0.5944894 ],2.0,0.90511984,0.0482487678527832
6,[0.28541094 0.28041855 0.49071264 0.5107024 ],2.0,0.89893574,0.0482487678527832
6,[0.2564947  0.39905095 0.5343885  0.8001293 ],2.0,0.8599331,0.0482487678527832
6,[0.40070623 0.27320105 0.511021   0.49112207],2.0,0.7976064,0.0482487678527832
6,[0.5741087  0.32218122 0.63401496 0.46080714],0.0,0.79695296,0.0482487678527832
6,[0.5397154  0.49586952 0.6246846  0.73016906],3.0,0.7795711,0.0482487678527832
6,[0.76703894 0.2620079  0.83018386 0.3926993 ],2.0,0.73551416,0.0482487678527832
6,[0.47916624 0.21567643 0.592734   0.38894677],7.0,0.6573975,0.0482487678527832
6,[0.5548536  0.55507135 0.62196654 0.72177064],3.0,0.65513134,0.0482487678527832
6,[0.8381778  0.23988366 0.9363121  0.4384743 ],7.0,0.62392086,0.0482487678527832
7,[0.6635518  0.3838427  0.86554515 0.71875453],2.0,0.994122,0.05063271522521973
7,[0.07109336 0.3312441  0.25113067 0.5664141 ],2.0,0.9920082,0.05063271522521973
7,[0.6207132  0.3162089  0.76308745 0.53833866],2.0,0.98576075,0.05063271522521973
7,[0.25688547 0.4800045  0.52863383 0.7958004 ],2.0,0.9845308,0.05063271522521973
7,[0.69693965 0.29160136 0.7970013  0.40680826],2.0,0.97600126,0.05063271522521973
7,[0.54091626 0.3859406  0.62503415 0.6987162 ],0.0,0.9602923,0.05063271522521973
7,[0.         0.4574416  0.14682235 0.6940949 ],2.0,0.94711244,0.05063271522521973
7,[0.50144994 0.33005625 0.5781007  0.45052266],2.0,0.9453499,0.05063271522521973
7,[0.20670724 0.34347895 0.28972828 0.4957709 ],2.0,0.943834,0.05063271522521973
7,[0.53762615 0.501307   0.6228622  0.72329414],3.0,0.91759723,0.05063271522521973
7,[0.27977037 0.2747056  0.49238676 0.5160392 ],2.0,0.8830543,0.05063271522521973
7,[0.30295616 0.3529554  0.48503828 0.5936442 ],2.0,0.7793081,0.05063271522521973
7,[0.3988115  0.274548   0.51013935 0.49031425],2.0,0.72626,0.05063271522521973
7,[0.836036   0.24267441 0.9347256  0.43691772],7.0,0.65500975,0.05063271522521973
7,[0.5749378  0.32057288 0.6298268  0.46184072],0.0,0.605948,0.05063271522521973
8,[0.66372705 0.3840527  0.86614025 0.71857685],2.0,0.99430233,0.04808831214904785
8,[0.07115497 0.33103943 0.25136745 0.56632817],2.0,0.9911433,0.04808831214904785
8,[0.621174   0.31609857 0.7632804  0.53818935],2.0,0.9874256,0.04808831214904785
8,[0.2584314  0.48015994 0.52853143 0.7951264 ],2.0,0.9840731,0.04808831214904785
8,[0.6962372  0.29218814 0.79752326 0.4059449 ],2.0,0.97487044,0.04808831214904785
8,[0.5412731  0.38411504 0.6245655  0.7009403 ],0.0,0.9645,0.04808831214904785
8,[0.50203705 0.3306924  0.5783552  0.44970018],2.0,0.9378719,0.04808831214904785
8,[0.5387932  0.50185984 0.62267613 0.723036  ],3.0,0.93744546,0.04808831214904785
8,[0.20717213 0.34373176 0.2894097  0.49545234],2.0,0.92489874,0.04808831214904785
8,[0.         0.45808402 0.14737889 0.69071215],2.0,0.9133569,0.04808831214904785
8,[0.2790648  0.27427405 0.49318781 0.5143196 ],2.0,0.86976403,0.04808831214904785
8,[0.30232483 0.3528813  0.4856307  0.5952918 ],2.0,0.8097988,0.04808831214904785
8,[0.39904636 0.27496034 0.51013124 0.48935342],2.0,0.70314795,0.04808831214904785
8,[0.8355488  0.2427837  0.93451566 0.4367518 ],7.0,0.6742994,0.04808831214904785
8,[0.57586765 0.32258084 0.6294862  0.46077654],0.0,0.62384593,0.04808831214904785
9,[0.66325414 0.40141225 0.86586463 0.6960838 ],2.0,0.99589413,0.049291372299194336
9,[0.07060547 0.33178833 0.25105846 0.5621711 ],2.0,0.9918279,0.049291372299194336
9,[0.2733757 0.5128476 0.51117   0.7695828],2.0,0.9877862,0.049291372299194336
9,[0.6116282  0.31585005 0.7520758  0.54194295],2.0,0.9799931,0.049291372299194336
9,[0.69621897 0.29208606 0.7939931  0.4038775 ],2.0,0.97518224,0.049291372299194336
9,[0.         0.45551825 0.14630783 0.69550526],2.0,0.9522663,0.049291372299194336
9,[0.538474   0.38723844 0.6234996  0.6974973 ],0.0,0.93907297,0.049291372299194336
9,[0.25895414 0.4126836  0.52951324 0.78919303],2.0,0.93456453,0.049291372299194336
9,[0.20532729 0.3463379  0.29016265 0.49217474],2.0,0.91956174,0.049291372299194336
9,[0.3024668  0.35247257 0.4841215  0.5920781 ],2.0,0.9165133,0.049291372299194336
9,[0.4993757  0.32832003 0.5758574  0.4487211 ],2.0,0.9042681,0.049291372299194336
9,[0.5380223 0.5018215 0.6212567 0.7178354],3.0,0.9006516,0.049291372299194336
9,[0.282235   0.27539843 0.4866639  0.51141757],2.0,0.892336,0.049291372299194336
9,[0.5755796  0.3252393  0.62710017 0.4607234 ],0.0,0.68600553,0.049291372299194336
9,[0.7622778  0.26724115 0.8288135  0.38280353],2.0,0.6505506,0.049291372299194336
10,[0.27399772 0.5109117  0.508719   0.7728989 ],2.0,0.99217325,0.05569720268249512
10,[0.6599745  0.39818156 0.86399    0.69397485],2.0,0.9920285,0.05569720268249512
10,[0.07108404 0.3321001  0.25010765 0.5585689 ],2.0,0.99198085,0.05569720268249512
10,[0.612942   0.31555966 0.7491952  0.5416803 ],2.0,0.9785603,0.05569720268249512
10,[0.6940645  0.289576   0.7952845  0.40316314],2.0,0.97658896,0.05569720268249512
10,[0.5387021  0.49997303 0.62036985 0.7140634 ],3.0,0.9380783,0.05569720268249512
10,[0.         0.45334116 0.14745672 0.6992836 ],2.0,0.929042,0.05569720268249512
10,[0.28548288 0.27479893 0.48223186 0.51163197],2.0,0.9097988,0.05569720268249512
10,[0.49914527 0.32791996 0.5740497  0.44698042],2.0,0.9005093,0.05569720268249512
10,[0.204122   0.34517223 0.29080993 0.4900338 ],2.0,0.88138694,0.05569720268249512
10,[0.538287   0.38746476 0.6211944  0.6960485 ],0.0,0.87574697,0.05569720268249512
10,[0.30415788 0.34580708 0.47804067 0.5836524 ],2.0,0.8660822,0.05569720268249512
10,[0.20492831 0.46664926 0.5116606  0.81766105],2.0,0.7566079,0.05569720268249512
10,[0.57483757 0.32555157 0.6226418  0.45747274],0.0,0.7053209,0.05569720268249512
10,[0.8308063  0.2407304  0.93206066 0.4376589 ],7.0,0.6360096,0.05569720268249512
10,[0.76203257 0.26897028 0.8257678  0.38460138],2.0,0.6351326,0.05569720268249512
10,[0.50367206 0.86636    0.79135746 0.98766893],2.0,0.63113356,0.05569720268249512
10,[0.72382754 0.63858426 1.         0.8233588 ],2.0,0.6266547,0.05569720268249512
10,[0.         0.43590072 0.20045587 0.99605334],2.0,0.62275994,0.05569720268249512
10,[0.40610638 0.27782762 0.5056839  0.48534065],2.0,0.6121187,0.05569720268249512
11,[0.08004048 0.33543915 0.25085533 0.5566006 ],2.0,0.99545395,0.048558712005615234
11,[0.27332714 0.50861657 0.506019   0.77008116],2.0,0.9941852,0.048558712005615234
11,[0.66360456 0.3958652  0.8641576  0.69158924],2.0,0.9928911,0.048558712005615234
11,[0.6139822  0.31444973 0.7500856  0.5410913 ],2.0,0.98657763,0.048558712005615234
11,[0.        0.4476493 0.1540505 0.697835 ],2.0,0.98129797,0.048558712005615234
11,[0.21642101 0.34670484 0.29618806 0.49810195],2.0,0.955108,0.048558712005615234
11,[0.6991993  0.28796244 0.79548895 0.39320326],2.0,0.93484807,0.048558712005615234
11,[0.53915757 0.47320297 0.6207259  0.6915488 ],3.0,0.93191016,0.048558712005615234
11,[0.71354073 0.6337695  1.         0.83284557],2.0,0.92113376,0.048558712005615234
11,[0.53778064 0.37200287 0.6216792  0.66584754],0.0,0.9074783,0.048558712005615234
11,[0.28939205 0.2752015  0.4899789  0.50666624],2.0,0.87601095,0.048558712005615234
11,[0.50537413 0.32989997 0.57618374 0.44906604],2.0,0.8497232,0.048558712005615234
11,[0.21357775 0.45678964 0.50776386 0.829044  ],2.0,0.8414199,0.048558712005615234
11,[0.3108555  0.36031434 0.4774565  0.56469905],2.0,0.8326565,0.048558712005615234
11,[0.         0.5892886  0.20276049 0.98824096],2.0,0.7890658,0.048558712005615234
11,[0.2500711  0.31164166 0.3010623  0.36346224],2.0,0.68739533,0.048558712005615234
11,[0.4814063  0.22491816 0.59294516 0.44601473],7.0,0.6116939,0.048558712005615234
11,[0.7678846  0.27305755 0.82763255 0.3803012 ],2.0,0.61057836,0.048558712005615234
12,[0.08415667 0.3346428  0.25073922 0.5563555 ],2.0,0.990956,0.05084037780761719
12,[0.6648444  0.39603776 0.8650913  0.68737787],2.0,0.98936146,0.05084037780761719
12,[0.61465865 0.3131095  0.7494288  0.5417051 ],2.0,0.98694474,0.05084037780761719
12,[0.27138218 0.5093826  0.5068501  0.76099586],2.0,0.9858149,0.05084037780761719
12,[0.         0.4453258  0.15420659 0.6992467 ],2.0,0.9709086,0.05084037780761719
12,[0.21801893 0.3491167  0.30004463 0.4984341 ],2.0,0.96021646,0.05084037780761719
12,[0.7138353 0.632938  1.        0.8368715],2.0,0.95796156,0.05084037780761719
12,[0.5409447  0.47793338 0.621233   0.6887903 ],3.0,0.9386848,0.05084037780761719
12,[0.70116645 0.2835747  0.8119028  0.39553237],2.0,0.93571293,0.05084037780761719
12,[0.5391133  0.37104192 0.62304425 0.66548836],0.0,0.9290278,0.05084037780761719
12,[0.29143655 0.27892756 0.48730123 0.506285  ],2.0,0.9111388,0.05084037780761719
12,[0.50793636 0.3302046  0.57959497 0.45158195],2.0,0.8939771,0.05084037780761719
12,[0.31165028 0.3591092  0.47811198 0.55960494],2.0,0.86836535,0.05084037780761719
12,[0.20584539 0.4488275  0.5119407  0.83378303],2.0,0.82107896,0.05084037780761719
12,[0.         0.58132577 0.19758493 0.99486494],2.0,0.752855,0.05084037780761719
12,[0.83395374 0.25777125 0.93580353 0.4424979 ],5.0,0.7065734,0.05084037780761719
12,[0.25321043 0.31185946 0.3034866  0.36455265],2.0,0.622248,0.05084037780761719
12,[0.28567564 0.26306355 0.49146342 0.47171736],7.0,0.6027958,0.05084037780761719
13,[0.08428442 0.33505926 0.2505172  0.5565131 ],2.0,0.99169296,0.05016589164733887
13,[0.66411316 0.39582628 0.86459506 0.6860444 ],2.0,0.98929316,0.05016589164733887
13,[0.6146722  0.31415534 0.7494645  0.54125744],2.0,0.9864837,0.05016589164733887
13,[0.2700356  0.50722235 0.5052321  0.7609009 ],2.0,0.9850081,0.05016589164733887
13,[0.         0.4451061  0.15461835 0.7012307 ],2.0,0.9692717,0.05016589164733887
13,[0.7118175 0.6333567 1.        0.8369341],2.0,0.9626881,0.05016589164733887
13,[0.21832207 0.34978962 0.29999754 0.49813694],2.0,0.9582437,0.05016589164733887
13,[0.7002528  0.2827764  0.81264627 0.3958443 ],2.0,0.9480196,0.05016589164733887
13,[0.5393846  0.36850643 0.6228347  0.6688845 ],0.0,0.9394287,0.05016589164733887
13,[0.54097974 0.47765744 0.6219299  0.68892014],3.0,0.9380602,0.05016589164733887
13,[0.5085693  0.3309262  0.579156   0.45087227],2.0,0.9225586,0.05016589164733887
13,[0.29021043 0.27790654 0.48818463 0.5040317 ],2.0,0.90974396,0.05016589164733887
13,[0.24826777 0.41683245 0.5277865  0.7836931 ],2.0,0.9079007,0.05016589164733887
13,[0.3106141  0.35939515 0.4786064  0.5606696 ],2.0,0.8411233,0.05016589164733887
13,[0.         0.57918626 0.19837776 0.99572605],2.0,0.8019206,0.05016589164733887
13,[0.83359456 0.2581074  0.93482375 0.44242457],5.0,0.69030476,0.05016589164733887
13,[0.28478315 0.2614656  0.49268404 0.47354472],7.0,0.67854595,0.05016589164733887
13,[0.58309203 0.32790074 0.62775594 0.4549639 ],0.0,0.6347434,0.05016589164733887
13,[0.48422098 0.21611078 0.5874884  0.3898729 ],7.0,0.6034667,0.05016589164733887
13,[0.25317517 0.31203994 0.30355927 0.36431172],2.0,0.6002146,0.05016589164733887
14,[0.08866496 0.33433932 0.24899529 0.55329615],2.0,0.9935768,0.04891824722290039
14,[0.61323655 0.3088831  0.7521483  0.5410238 ],2.0,0.9833871,0.04891824722290039
14,[0.21817636 0.34596974 0.3014437  0.49583733],2.0,0.98216474,0.04891824722290039
14,[0.         0.43888992 0.15196407 0.6593831 ],2.0,0.97572327,0.04891824722290039
14,[0.6661407  0.39254892 0.866346   0.6851325 ],2.0,0.967518,0.04891824722290039
14,[0.5401184  0.47999936 0.6216126  0.6854852 ],3.0,0.96650064,0.04891824722290039
14,[0.7048538  0.28362548 0.81331885 0.3878584 ],2.0,0.9617797,0.04891824722290039
14,[0.53844714 0.3665349  0.62524784 0.66349536],0.0,0.9496639,0.04891824722290039
14,[0.30862337 0.35923642 0.4792596  0.5615611 ],2.0,0.9437538,0.04891824722290039
14,[0.2905779  0.281666   0.48523033 0.5046073 ],2.0,0.92300475,0.04891824722290039
14,[0.27058583 0.5115341  0.5059744  0.7546271 ],2.0,0.9194476,0.04891824722290039
14,[0.20050222 0.44234148 0.5152804  0.84487736],2.0,0.90346473,0.04891824722290039
14,[0.71405816 0.62416977 1.         0.8392884 ],2.0,0.87742394,0.04891824722290039
14,[0.5108808  0.32831475 0.5808985  0.44661233],2.0,0.86715543,0.04891824722290039
14,[0.         0.57541203 0.195103   0.9958898 ],2.0,0.80107665,0.04891824722290039
14,[0.83476657 0.2442281  0.9371616  0.43472603],5.0,0.77605194,0.04891824722290039
14,[0.48293588 0.22340395 0.592941   0.4435621 ],7.0,0.70491153,0.04891824722290039
14,[0.28213274 0.26301593 0.48982257 0.46928376],7.0,0.6813366,0.04891824722290039
14,[0.52531075 0.09748378 0.5463253  0.13245715],9.0,0.6440224,0.04891824722290039
14,[0.52400386 0.09525356 0.55492175 0.13778344],9.0,0.60964006,0.04891824722290039
15,[0.09656563 0.33387563 0.2493783  0.5528984 ],2.0,0.99213845,0.05001473426818848
15,[0.61316776 0.3039937  0.75253856 0.5409993 ],2.0,0.9860723,0.05001473426818848
15,[0.7050669  0.28425086 0.8124583  0.3833642 ],2.0,0.9794123,0.05001473426818848
15,[0.21977279 0.34411508 0.30382457 0.49546665],2.0,0.9773543,0.05001473426818848
15,[0.5407454 0.4777423 0.6211833 0.681517 ],3.0,0.9744357,0.05001473426818848
15,[0.         0.44101688 0.1545122  0.7013271 ],2.0,0.95268124,0.05001473426818848
15,[0.66917473 0.38775516 0.8656382  0.6805444 ],2.0,0.94804746,0.05001473426818848
15,[0.3066517  0.3529027  0.48605305 0.5684523 ],2.0,0.9451325,0.05001473426818848
15,[0.29074046 0.28070655 0.48862192 0.5139928 ],2.0,0.93639576,0.05001473426818848
15,[0.2698441 0.5092239 0.5057972 0.7577507],2.0,0.932287,0.05001473426818848
15,[0.24759935 0.42294067 0.52469105 0.7759966 ],2.0,0.8847568,0.05001473426818848
15,[0.5113203  0.32824835 0.5778186  0.44359216],2.0,0.87604606,0.05001473426818848
15,[0.5393429  0.36522675 0.62361264 0.662035  ],0.0,0.86971337,0.05001473426818848
15,[0.8348341  0.24423024 0.9352126  0.43324444],5.0,0.8360255,0.05001473426818848
15,[2.9126555e-04 5.7733345e-01 2.0419699e-01 9.9173999e-01],2.0,0.8162868,0.05001473426818848
15,[0.7150663  0.61689377 1.         0.83642733],2.0,0.7887777,0.05001473426818848
15,[0.48301998 0.21115421 0.5900293  0.39433086],7.0,0.75452316,0.05001473426818848
15,[0.52548915 0.09481262 0.55629534 0.13864131],9.0,0.67691904,0.05001473426818848
15,[0.28453168 0.2641002  0.48679498 0.4614756 ],7.0,0.64575726,0.05001473426818848
15,[0.43912047 0.27801684 0.5179847  0.4813631 ],2.0,0.62233096,0.05001473426818848
16,[0.08731262 0.333265   0.2753306  0.5520672 ],2.0,0.99052763,0.04723620414733887
16,[0.27328917 0.4852339  0.5031181  0.7426491 ],2.0,0.9773629,0.04723620414733887
16,[0.6134725  0.29834473 0.750513   0.5365923 ],2.0,0.9759344,0.04723620414733887
16,[0.         0.42703688 0.15656713 0.6803384 ],2.0,0.9740324,0.04723620414733887
16,[0.7053034 0.2827219 0.8128188 0.3800123],2.0,0.9738249,0.04723620414733887
16,[0.7061757  0.61639476 1.         0.8364612 ],2.0,0.9733114,0.04723620414733887
16,[0.6704998  0.3864286  0.86143935 0.6713104 ],2.0,0.9621477,0.04723620414733887
16,[0.22150187 0.33441707 0.30771363 0.50258696],2.0,0.96155864,0.04723620414733887
16,[0.2934131 0.2744925 0.4903052 0.5184955],2.0,0.94661933,0.04723620414733887
16,[0.5504528 0.5018952 0.6165037 0.6594646],3.0,0.9456352,0.04723620414733887
16,[0.54132783 0.3490314  0.62242603 0.63036954],0.0,0.9281911,0.04723620414733887
16,[0.21216379 0.4338504  0.5218279  0.77305436],2.0,0.9231021,0.04723620414733887
16,[0.30791593 0.352362   0.48838067 0.567569  ],2.0,0.89123374,0.04723620414733887
16,[0.83844876 0.24655674 0.9364214  0.43067002],5.0,0.8425459,0.04723620414733887
16,[0.5146225  0.3298661  0.5798095  0.44699353],2.0,0.84147936,0.04723620414733887
16,[0.48369193 0.21179238 0.59079015 0.39308128],7.0,0.77072996,0.04723620414733887
16,[0.5436338  0.42955965 0.62115204 0.66464466],3.0,0.7568271,0.04723620414733887
16,[8.6383522e-04 5.7615972e-01 2.1123576e-01 9.9393809e-01],2.0,0.7560472,0.04723620414733887
16,[0.2610945  0.31336606 0.30988842 0.36518204],2.0,0.66810036,0.04723620414733887
16,[0.4395492  0.2659322  0.5203455  0.46677822],2.0,0.62982845,0.04723620414733887
17,[0.         0.42911345 0.15757784 0.6776455 ],2.0,0.9904661,0.04881787300109863
17,[0.10246807 0.3350772  0.2554776  0.5493697 ],2.0,0.98908615,0.04881787300109863
17,[0.27532932 0.48041758 0.50341904 0.7415379 ],2.0,0.9886784,0.04881787300109863
17,[0.6695699  0.38499337 0.8613457  0.67048115],2.0,0.97081006,0.04881787300109863
17,[0.61506194 0.3016887  0.74802583 0.5358371 ],2.0,0.9700653,0.04881787300109863
17,[0.70516115 0.28554332 0.8133548  0.38050026],2.0,0.9661239,0.04881787300109863
17,[0.22144276 0.33394343 0.3088035  0.50263524],2.0,0.9603575,0.04881787300109863
17,[0.53771955 0.3532043  0.62360996 0.6253205 ],0.0,0.9568451,0.04881787300109863
17,[0.29181486 0.27172786 0.48959005 0.5202957 ],2.0,0.9385604,0.04881787300109863
17,[0.54870707 0.49804226 0.61448115 0.6562642 ],3.0,0.9358314,0.04881787300109863
17,[0.692101  0.5889801 1.        0.8644073],2.0,0.92039716,0.04881787300109863
17,[0.21799602 0.43359917 0.51696694 0.7690807 ],2.0,0.8897339,0.04881787300109863
17,[0.83719784 0.24481869 0.9348281  0.434586  ],5.0,0.8665519,0.04881787300109863
17,[0.00223722 0.5766334  0.2135283  1.        ],2.0,0.8514318,0.04881787300109863
17,[0.30626807 0.34750494 0.48898652 0.5733641 ],2.0,0.8420494,0.04881787300109863
17,[0.5160832  0.33386338 0.5800745  0.44869804],2.0,0.8101309,0.04881787300109863
17,[0.26122048 0.3155836  0.3106034  0.36380613],2.0,0.6916259,0.04881787300109863
17,[0.4384073  0.27966273 0.5200974  0.48042274],2.0,0.68099713,0.04881787300109863
17,[0.52653515 0.09540563 0.5574887  0.14119765],9.0,0.6709048,0.04881787300109863
17,[0.4863659  0.21369486 0.5896565  0.39122432],7.0,0.6579042,0.04881787300109863
18,[0.2763036  0.48196197 0.50323236 0.7415879 ],2.0,0.9915882,0.047118425369262695
18,[0.         0.429332   0.15754613 0.6771407 ],2.0,0.9911363,0.047118425369262695
18,[0.10284533 0.33532214 0.25528097 0.54928905],2.0,0.98855,0.047118425369262695
18,[0.61418307 0.30159143 0.7484666  0.53542966],2.0,0.97075593,0.047118425369262695
18,[0.70560855 0.28572932 0.81401247 0.38022688],2.0,0.9687251,0.047118425369262695
18,[0.670116   0.38474357 0.86207587 0.67009616],2.0,0.9662547,0.047118425369262695
18,[0.22147492 0.33315107 0.30900618 0.502295  ],2.0,0.96206033,0.047118425369262695
18,[0.53750604 0.35333183 0.6229084  0.62467325],0.0,0.9495251,0.047118425369262695
18,[0.29113856 0.27233663 0.48977038 0.5205848 ],2.0,0.94927335,0.047118425369262695
18,[0.54913646 0.49943915 0.61485726 0.65648925],3.0,0.94087,0.047118425369262695
18,[0.6910845  0.58855814 1.         0.86315817],2.0,0.9113387,0.047118425369262695
18,[0.5161033  0.33420742 0.5805846  0.44558233],2.0,0.865829,0.047118425369262695
18,[0.30610406 0.34820122 0.4886651  0.5713305 ],2.0,0.8544279,0.047118425369262695
18,[0.21889625 0.43371493 0.51549697 0.7682999 ],2.0,0.85250413,0.047118425369262695
18,[0.8365246  0.2452999  0.93466234 0.43388876],5.0,0.8193293,0.047118425369262695
18,[0.00204165 0.57598144 0.211842   1.        ],2.0,0.79117006,0.047118425369262695
18,[0.26114342 0.31529322 0.31076667 0.36381403],2.0,0.7108545,0.047118425369262695
18,[0.43784654 0.27977836 0.5202492  0.48052084],2.0,0.6933811,0.047118425369262695
18,[0.4858172  0.2138781  0.5898633  0.39049864],7.0,0.6899989,0.047118425369262695
18,[0.5267269  0.09545297 0.5575306  0.14135525],9.0,0.68781793,0.047118425369262695
19,[0.         0.42939058 0.1594685  0.6790092 ],2.0,0.99361324,0.051210880279541016
19,[0.08521689 0.3367851  0.27426884 0.5498712 ],2.0,0.9910185,0.051210880279541016
19,[0.27149788 0.47757742 0.50374246 0.7453189 ],2.0,0.98588973,0.051210880279541016
19,[0.66775906 0.37994003 0.8595674  0.6616918 ],2.0,0.98152924,0.051210880279541016
19,[0.6131709 0.3017217 0.7468024 0.5338519],2.0,0.97696465,0.051210880279541016
19,[0.70974016 0.28502634 0.81292    0.37996408],2.0,0.9726882,0.051210880279541016
19,[0.22038221 0.33248287 0.30682552 0.49846542],2.0,0.9714888,0.051210880279541016
19,[0.6907933  0.58996534 1.         0.86369205],2.0,0.96061397,0.051210880279541016
19,[0.53448594 0.35732248 0.62100863 0.6225858 ],0.0,0.95013016,0.051210880279541016
19,[0.00106554 0.58295816 0.21239254 0.9982566 ],2.0,0.9488898,0.051210880279541016
19,[0.288508   0.27633566 0.48947805 0.5228099 ],2.0,0.92655194,0.051210880279541016
19,[0.54573876 0.5019392  0.61181945 0.65122926],3.0,0.9152949,0.051210880279541016
19,[0.30123276 0.34090716 0.48755753 0.5708074 ],2.0,0.8266201,0.051210880279541016
19,[0.8353851  0.24750814 0.93373656 0.4311917 ],5.0,0.78455645,0.051210880279541016
19,[0.5152056  0.33324504 0.5801294  0.4467641 ],2.0,0.78427553,0.051210880279541016
20,[0.         0.43161196 0.15973665 0.67374355],2.0,0.9947672,0.056227684020996094
20,[0.09247283 0.32104442 0.27153587 0.5460099 ],2.0,0.9893474,0.056227684020996094
20,[0.26945907 0.471654   0.49583912 0.74487597],2.0,0.9784301,0.056227684020996094
20,[0.2200786  0.3436008  0.30758765 0.48465246],2.0,0.9762975,0.056227684020996094
20,[0.6147001  0.30171967 0.74447477 0.52945524],2.0,0.9730265,0.056227684020996094
20,[0.6668125  0.3740857  0.85909027 0.6589469 ],2.0,0.9728923,0.056227684020996094
20,[0.71031827 0.28435332 0.8107076  0.37844312],2.0,0.9602183,0.056227684020996094
20,[0.6850291  0.5851623  0.99965996 0.8638226 ],2.0,0.9544922,0.056227684020996094
20,[0.00158583 0.5765693  0.21350145 0.9957998 ],2.0,0.94183826,0.056227684020996094
20,[0.53328896 0.34622583 0.6198447  0.6305549 ],0.0,0.94005203,0.056227684020996094
20,[0.2910221  0.27469978 0.48719308 0.53258324],2.0,0.9170704,0.056227684020996094
20,[0.53660166 0.45600885 0.6177825  0.65118486],3.0,0.85481405,0.056227684020996094
20,[0.8359792  0.24779966 0.9332074  0.43047693],5.0,0.81183106,0.056227684020996094
20,[0.52435356 0.09509629 0.5552638  0.13905951],9.0,0.70940846,0.056227684020996094
20,[0.51673913 0.33219147 0.57857215 0.43939656],2.0,0.66582036,0.056227684020996094
20,[0.10582776 0.30412602 0.12344665 0.36944532],0.0,0.6235654,0.056227684020996094
20,[0.43928522 0.26519036 0.5151177  0.46810287],2.0,0.6199826,0.056227684020996094
21,[0.09432027 0.32182157 0.26762488 0.53796494],2.0,0.98953027,0.04863905906677246
21,[0.         0.41794193 0.15643439 0.67464817],2.0,0.9894854,0.04863905906677246
21,[0.2701434  0.46686286 0.49480098 0.73328453],2.0,0.98571944,0.04863905906677246
21,[0.6098172  0.2876158  0.73706883 0.5102647 ],2.0,0.9783219,0.04863905906677246
21,[0.83255094 0.2450446  0.930731   0.42945135],5.0,0.96016276,0.04863905906677246
21,[0.53554106 0.33449525 0.6110927  0.6293761 ],0.0,0.95986027,0.04863905906677246
21,[0.22057283 0.32932112 0.31027    0.4699683 ],2.0,0.9525932,0.04863905906677246
21,[0.7068555  0.28097823 0.8066521  0.37137297],2.0,0.94543827,0.04863905906677246
21,[0.6628344  0.36948073 0.8517616  0.6550758 ],2.0,0.94391364,0.04863905906677246
21,[0.67941105 0.57601106 0.9911125  0.85681534],2.0,0.9288673,0.04863905906677246
21,[0.54171777 0.47538206 0.609542   0.6324953 ],3.0,0.9251735,0.04863905906677246
21,[0.00114755 0.5669128  0.20908977 0.9979813 ],2.0,0.90975845,0.04863905906677246
21,[0.2949083  0.28064412 0.4881729  0.5330726 ],2.0,0.8598645,0.04863905906677246
22,[0.         0.41234666 0.15913959 0.67891604],2.0,0.99026835,0.04924440383911133
22,[0.0957092  0.32179415 0.2658798  0.53560305],2.0,0.98849916,0.04924440383911133
22,[0.26420325 0.4600479  0.49691802 0.72960585],2.0,0.9858978,0.04924440383911133
22,[0.2204244  0.32845247 0.3093506  0.46779788],2.0,0.9589845,0.04924440383911133
22,[0.606626   0.28647053 0.7339273  0.5385625 ],2.0,0.956912,0.04924440383911133
22,[0.66090363 0.36724982 0.85503334 0.6523526 ],2.0,0.9472997,0.04924440383911133
22,[0.83294094 0.24400899 0.9299487  0.42827693],5.0,0.9462966,0.04924440383911133
22,[0.5357837  0.33361834 0.6078624  0.6287858 ],0.0,0.93644184,0.04924440383911133
22,[0.68254924 0.5718456  0.9794239  0.8527097 ],2.0,0.92934275,0.04924440383911133
22,[0.5406825  0.47452405 0.6078171  0.62902105],3.0,0.9064356,0.04924440383911133
22,[0.70825607 0.27992675 0.8053159  0.36992237],2.0,0.8827351,0.04924440383911133
22,[0.29667762 0.28859848 0.4820815  0.53422   ],2.0,0.8810197,0.04924440383911133
22,[0.00198484 0.5489805  0.20124277 1.        ],2.0,0.70376533,0.04924440383911133
22,[0.53433985 0.38486478 0.61363274 0.63498545],3.0,0.6245678,0.04924440383911133
23,[0.         0.41186452 0.15953623 0.6792095 ],2.0,0.98942435,0.04750967025756836
23,[0.09523002 0.32264936 0.26738063 0.5342346 ],2.0,0.98934656,0.04750967025756836
23,[0.2509774  0.42800602 0.5106541  0.7453432 ],2.0,0.9868063,0.04750967025756836
23,[0.22036138 0.32860234 0.30901656 0.46697518],2.0,0.9592471,0.04750967025756836
23,[0.608227   0.2856623  0.72995114 0.51137346],2.0,0.957201,0.04750967025756836
23,[0.8331118  0.24359186 0.9294649  0.42840713],5.0,0.9470538,0.04750967025756836
23,[0.5355883  0.33280265 0.60823303 0.628791  ],0.0,0.94448566,0.04750967025756836
23,[0.6591998 0.3672589 0.8554681 0.6536257],2.0,0.9424206,0.04750967025756836
23,[0.68366575 0.57088894 0.9782778  0.85376745],2.0,0.9122653,0.04750967025756836
23,[0.5399494  0.4766202  0.607705   0.62830603],3.0,0.91080135,0.04750967025756836
23,[0.7079019 0.279916  0.8062753 0.3704579],2.0,0.87818336,0.04750967025756836
23,[0.2951889  0.28673813 0.48161876 0.5346501 ],2.0,0.8668281,0.04750967025756836
23,[0.00157684 0.5489088  0.20139316 1.        ],2.0,0.66449577,0.04750967025756836
23,[0.53420895 0.38494942 0.6129903  0.6344518 ],3.0,0.6428472,0.04750967025756836
24,[0.00086244 0.40856868 0.15804112 0.6807901 ],2.0,0.9933193,0.048740386962890625
24,[0.26735604 0.457959   0.49535722 0.7292039 ],2.0,0.9922867,0.048740386962890625
24,[0.09870876 0.32076544 0.26511836 0.5347844 ],2.0,0.98854053,0.048740386962890625
24,[0.22092228 0.32511842 0.3104772  0.46581948],2.0,0.9776899,0.048740386962890625
24,[0.83368325 0.24368753 0.92906153 0.42763168],5.0,0.95556,0.048740386962890625
24,[0.53841877 0.4739963  0.6053915  0.6261341 ],3.0,0.9361825,0.048740386962890625
24,[0.6102096  0.2829325  0.72719693 0.51021874],2.0,0.93141544,0.048740386962890625
24,[0.3009781  0.29648605 0.48417524 0.53385615],2.0,0.91834843,0.048740386962890625
24,[0.6604451  0.37160546 0.85158    0.64847857],2.0,0.91507,0.048740386962890625
24,[0.53487086 0.33696392 0.60597193 0.6156173 ],0.0,0.8655264,0.048740386962890625
24,[0.68790936 0.5636989  0.9766288  0.8700324 ],2.0,0.8330295,0.048740386962890625
24,[9.2038512e-04 5.5209649e-01 1.9605246e-01 1.0000000e+00],2.0,0.82771784,0.048740386962890625
24,[0.7094317  0.2788178  0.80528086 0.3702033 ],2.0,0.7763547,0.048740386962890625
24,[0.44656312 0.26246053 0.5110663  0.46015966],2.0,0.6317671,0.048740386962890625
25,[0.00288299 0.4004693  0.15869936 0.68367577],2.0,0.99462813,0.05767416954040527
25,[0.10175506 0.32045138 0.26563725 0.53314483],2.0,0.98854285,0.05767416954040527
25,[0.22503932 0.3253627  0.3121376  0.4632326 ],2.0,0.9806894,0.05767416954040527
25,[0.2695152  0.4555709  0.49599847 0.7237214 ],2.0,0.9728533,0.05767416954040527
25,[0.66615355 0.35312036 0.8460413  0.6240299 ],2.0,0.9574787,0.05767416954040527
25,[0.83357185 0.24438518 0.92762023 0.42752612],5.0,0.94841796,0.05767416954040527
25,[0.5399264 0.4740849 0.605791  0.6196069],3.0,0.9390334,0.05767416954040527
25,[0.6903881  0.55732304 0.9688281  0.871409  ],2.0,0.91942436,0.05767416954040527
25,[0.6111668  0.2831739  0.72672004 0.5057527 ],2.0,0.9032548,0.05767416954040527
25,[0.5353311  0.33882418 0.6094764  0.6132734 ],0.0,0.8974412,0.05767416954040527
25,[0.3037258  0.30027705 0.48225042 0.5292143 ],2.0,0.8358985,0.05767416954040527
25,[2.8949976e-04 5.4841709e-01 1.8582775e-01 1.0000000e+00],2.0,0.8168119,0.05767416954040527
25,[0.44978517 0.26391748 0.512901   0.4585695 ],2.0,0.7747953,0.05767416954040527
25,[0.7096415  0.27929378 0.80984503 0.37002468],2.0,0.68739295,0.05767416954040527
26,[0.10005341 0.32475707 0.26568687 0.52343905],2.0,0.991163,0.048990726470947266
26,[0.22641468 0.32294852 0.3142084  0.45902997],2.0,0.9902204,0.048990726470947266
26,[0.27793014 0.45112556 0.4944126  0.7148343 ],2.0,0.989258,0.048990726470947266
26,[0.         0.39571288 0.16366023 0.64967823],2.0,0.9807376,0.048990726470947266
26,[0.6691054  0.34714437 0.8415637  0.62269324],2.0,0.9631384,0.048990726470947266
26,[0.5381116  0.4689221  0.60529274 0.60944974],3.0,0.9471207,0.048990726470947266
26,[0.6904936  0.54912937 0.9616152  0.8740015 ],2.0,0.93501645,0.048990726470947266
26,[0.53042257 0.32825404 0.6135545  0.5878026 ],0.0,0.9128526,0.048990726470947266
26,[0.61293834 0.28212294 0.7236989  0.4994935 ],2.0,0.91084844,0.048990726470947266
26,[0.83164227 0.24243888 0.9286963  0.42450693],5.0,0.88072836,0.048990726470947266
26,[0.30473202 0.28674144 0.47500795 0.52287805],2.0,0.7773783,0.048990726470947266
26,[0.         0.545701   0.18081856 0.99941754],2.0,0.74086195,0.048990726470947266
26,[0.522233   0.08187775 0.5537698  0.12621309],9.0,0.60161585,0.048990726470947266
27,[0.11816841 0.31322178 0.26914015 0.51922345],2.0,0.99175197,0.05099010467529297
27,[0.23077963 0.31372    0.31857765 0.45314717],2.0,0.9916068,0.05099010467529297
27,[0.2839517  0.452967   0.49738997 0.70638806],2.0,0.9866912,0.05099010467529297
27,[0.         0.38666546 0.1645528  0.65146124],2.0,0.9802063,0.05099010467529297
27,[0.5298465  0.3256505  0.61320764 0.58534575],0.0,0.94829535,0.05099010467529297
27,[0.6915704  0.53836226 0.95943046 0.88577914],2.0,0.94012845,0.05099010467529297
27,[0.539981   0.44847253 0.60558593 0.60342646],3.0,0.9390427,0.05099010467529297
27,[0.8354854  0.24460003 0.92723244 0.4227201 ],5.0,0.8961354,0.05099010467529297
27,[0.6738769  0.34165764 0.8385912  0.6237411 ],2.0,0.8745849,0.05099010467529297
27,[0.3089751  0.28455287 0.47824907 0.5205878 ],2.0,0.8555463,0.05099010467529297
27,[0.6130532  0.27999058 0.7244464  0.49876097],2.0,0.8484927,0.05099010467529297
27,[0.7269917 0.5838341 0.9456858 0.8231619],2.0,0.8421499,0.05099010467529297
27,[0.30209696 0.68468916 0.6439947  0.9924927 ],2.0,0.78199524,0.05099010467529297
27,[2.2444129e-04 5.3028548e-01 1.8380177e-01 1.0000000e+00],2.0,0.77137643,0.05099010467529297
27,[0.5237655  0.08093614 0.55539733 0.12514457],9.0,0.67340434,0.05099010467529297
27,[0.4541082  0.26318812 0.5187844  0.44976354],2.0,0.60055166,0.05099010467529297
28,[0.1182655  0.31272334 0.26933947 0.5189899 ],2.0,0.99204427,0.047771453857421875
28,[0.23126605 0.31284732 0.3178691  0.4532991 ],2.0,0.99136037,0.047771453857421875
28,[0.28639686 0.45274186 0.4966635  0.70578563],2.0,0.9875516,0.047771453857421875
28,[0.         0.38720506 0.16547854 0.65136117],2.0,0.98176944,0.047771453857421875
28,[0.69259584 0.54215306 0.95946527 0.881182  ],2.0,0.9537287,0.047771453857421875
28,[0.5304141  0.3241044  0.6120949  0.58586407],0.0,0.945532,0.047771453857421875
28,[0.5399519  0.44883776 0.60591006 0.6032562 ],3.0,0.94131804,0.047771453857421875
28,[0.67490035 0.3397842  0.8387912  0.6256571 ],2.0,0.9034004,0.047771453857421875
28,[0.7267375  0.5804551  0.94599414 0.8231842 ],2.0,0.89526075,0.047771453857421875
28,[0.8352211  0.24425626 0.9273643  0.4229436 ],5.0,0.89415425,0.047771453857421875
28,[0.61340725 0.27862343 0.72440434 0.49895445],2.0,0.8890961,0.047771453857421875
28,[0.3093878  0.2830316  0.47727025 0.52124465],2.0,0.8766024,0.047771453857421875
28,[0.29919472 0.6865396  0.6455201  0.9900611 ],2.0,0.7999266,0.047771453857421875
28,[0.        0.5318418 0.1860953 1.       ],2.0,0.78911686,0.047771453857421875
28,[0.523525   0.08110014 0.55564237 0.12511297],9.0,0.7054025,0.047771453857421875
29,[0.1193677  0.31057265 0.27216518 0.51881915],2.0,0.9950651,0.048027753829956055
29,[0.2350592  0.3131309  0.31890327 0.455344  ],2.0,0.9916583,0.048027753829956055
29,[0.         0.38882175 0.18819945 0.6526153 ],2.0,0.98410213,0.048027753829956055
29,[0.2939429  0.45053124 0.49253103 0.69931066],2.0,0.9821484,0.048027753829956055
29,[0.70580727 0.53886175 0.9435074  0.8214303 ],2.0,0.98132193,0.048027753829956055
29,[0.5411651  0.44441402 0.6047423  0.599985  ],3.0,0.95822865,0.048027753829956055
29,[0.5349378  0.31607592 0.6129492  0.5870871 ],0.0,0.9540268,0.048027753829956055
29,[0.6137022  0.27563354 0.72110367 0.49759373],2.0,0.90919584,0.048027753829956055
29,[0.67358994 0.335963   0.8396766  0.62896085],2.0,0.85317993,0.048027753829956055
29,[0.31261364 0.28586718 0.4729804  0.51641136],2.0,0.84513056,0.048027753829956055
29,[0.83424973 0.24436828 0.92827296 0.4207808 ],5.0,0.81951606,0.048027753829956055
29,[0.00116754 0.5266416  0.19198763 0.9999608 ],2.0,0.757955,0.048027753829956055
29,[0.71689403 0.26897112 0.8104377  0.34907886],2.0,0.7010257,0.048027753829956055
29,[0.10701763 0.28800154 0.1254202  0.38695085],0.0,0.67648363,0.048027753829956055
29,[0.44568866 0.24864063 0.52229464 0.46102074],7.0,0.62358505,0.048027753829956055
29,[0.08696839 0.30246606 0.10989864 0.39600852],0.0,0.61721313,0.048027753829956055
30,[0.12327807 0.30899125 0.27253568 0.5181502 ],2.0,0.9946392,0.05411839485168457
30,[0.2355741  0.3108362  0.32123205 0.45554376],2.0,0.99410564,0.05411839485168457
30,[0.         0.38050705 0.1898106  0.65045136],2.0,0.98373157,0.05411839485168457
30,[0.6948796  0.5380074  0.94338244 0.8170155 ],2.0,0.98352253,0.05411839485168457
30,[0.2910022  0.4156655  0.49449253 0.6815256 ],2.0,0.97744966,0.05411839485168457
30,[0.5355074  0.31746095 0.6128778  0.5798076 ],0.0,0.9610867,0.05411839485168457
30,[0.54166406 0.44595018 0.60492164 0.594584  ],3.0,0.95459425,0.05411839485168457
30,[0.         0.530207   0.19838026 0.9944772 ],2.0,0.91012025,0.05411839485168457
30,[0.67273027 0.32608616 0.83991    0.63269544],2.0,0.897102,0.05411839485168457
30,[0.83610564 0.24377346 0.9280161  0.4198714 ],5.0,0.87868404,0.05411839485168457
30,[0.6130895  0.27535027 0.72139317 0.494623  ],2.0,0.86789626,0.05411839485168457
30,[0.3116145  0.28706992 0.4726128  0.5108046 ],2.0,0.8201147,0.05411839485168457
30,[0.7157935  0.2699673  0.81028986 0.3468193 ],2.0,0.8057915,0.05411839485168457
30,[0.1067822  0.28897083 0.12480293 0.38587272],0.0,0.6154264,0.05411839485168457
30,[0.5256731  0.07819467 0.5568753  0.12085039],9.0,0.60428905,0.05411839485168457
31,[0.13458213 0.30671868 0.27495465 0.51590776],2.0,0.9938755,0.04822731018066406
31,[0.66055673 0.52308214 0.95002586 0.81422985],2.0,0.98839617,0.04822731018066406
31,[0.         0.37685207 0.19374603 0.6452825 ],2.0,0.9835486,0.04822731018066406
31,[0.28921357 0.41460028 0.50107783 0.6749214 ],2.0,0.97547174,0.04822731018066406
31,[0.5386813  0.30858886 0.6155521  0.5804018 ],0.0,0.96644676,0.04822731018066406
31,[0.61485004 0.27456138 0.72415316 0.4874104 ],2.0,0.9463341,0.04822731018066406
31,[0.2424106  0.30583325 0.32423794 0.4575934 ],2.0,0.92717004,0.04822731018066406
31,[0.546108   0.44524372 0.60743606 0.5832257 ],3.0,0.92346525,0.04822731018066406
31,[0.66915387 0.32110882 0.84412056 0.58495146],2.0,0.8813718,0.04822731018066406
31,[0.30927506 0.28371102 0.48141286 0.50772405],2.0,0.8640758,0.04822731018066406
31,[0.35875514 0.6501362  0.5858183  0.78154224],2.0,0.84410274,0.04822731018066406
31,[0.00225384 0.52983534 0.19853714 0.9953276 ],2.0,0.84295094,0.04822731018066406
31,[0.83946705 0.24116945 0.93146443 0.41389525],5.0,0.83449185,0.04822731018066406
31,[0.2874174  0.69074225 0.6478457  0.9898498 ],2.0,0.65000707,0.04822731018066406
31,[0.10754447 0.28610533 0.12688984 0.38641095],0.0,0.63881314,0.04822731018066406
32,[0.14088601 0.3102733  0.27863932 0.51320046],2.0,0.9953992,0.04824423789978027
32,[0.65555286 0.52506584 0.9495348  0.8052588 ],2.0,0.9919682,0.04824423789978027
32,[0.2940991  0.41501877 0.50427    0.6780251 ],2.0,0.97939086,0.04824423789978027
32,[0.         0.37717164 0.19323844 0.64404345],2.0,0.9761145,0.04824423789978027
32,[0.5407955  0.3128426  0.61584884 0.5738141 ],0.0,0.9674362,0.04824423789978027
32,[0.6155105  0.27491856 0.7226396  0.48869395],2.0,0.96322036,0.04824423789978027
32,[0.24374859 0.30465204 0.32424355 0.464271  ],2.0,0.9319146,0.04824423789978027
32,[0.31097004 0.27519637 0.48422602 0.5123457 ],2.0,0.9011982,0.04824423789978027
32,[0.00111493 0.52788186 0.20071802 0.9931228 ],2.0,0.8634532,0.04824423789978027
32,[0.35409895 0.6471427  0.5848205  0.78294975],2.0,0.8508425,0.04824423789978027
32,[0.54733765 0.44182444 0.6069038  0.5797579 ],3.0,0.84785295,0.04824423789978027
32,[0.67023903 0.32198405 0.84265167 0.579976  ],2.0,0.83877546,0.04824423789978027
32,[0.8406657  0.23937604 0.93403864 0.4154882 ],5.0,0.8225062,0.04824423789978027
32,[0.29291144 0.6905735  0.6399629  0.98965806],2.0,0.80123657,0.04824423789978027
32,[0.4629627  0.2616446  0.5242141  0.44606227],2.0,0.6895435,0.04824423789978027
32,[0.10888852 0.28888017 0.1280084  0.3814391 ],0.0,0.6451888,0.04824423789978027
32,[0.5299851  0.07777804 0.55356395 0.11262721],9.0,0.6004142,0.04824423789978027
33,[0.14097422 0.3099017  0.27887943 0.51370907],2.0,0.99528754,0.04823017120361328
33,[0.65563005 0.525218   0.95013696 0.8073313 ],2.0,0.99249136,0.04823017120361328
33,[0.29310697 0.41549116 0.50435495 0.6784794 ],2.0,0.9807925,0.04823017120361328
33,[0.         0.37702656 0.1942895  0.64418745],2.0,0.975173,0.04823017120361328
33,[0.5407121  0.3100379  0.6164626  0.57536244],0.0,0.96914876,0.04823017120361328
33,[0.61545926 0.2746534  0.7224662  0.4895278 ],2.0,0.96341634,0.04823017120361328
33,[0.24347043 0.3050189  0.32476592 0.4633503 ],2.0,0.9388594,0.04823017120361328
33,[0.31127793 0.2743314  0.48579967 0.5142643 ],2.0,0.9163044,0.04823017120361328
33,[0.5468162  0.4423371  0.60774106 0.5792734 ],3.0,0.8856994,0.04823017120361328
33,[0.35263267 0.6451876  0.5854049  0.78201604],2.0,0.8537964,0.04823017120361328
33,[1.1745840e-04 5.2907139e-01 1.9994196e-01 9.9315554e-01],2.0,0.8233669,0.04823017120361328
33,[0.6707541  0.32167393 0.8418038  0.5811374 ],2.0,0.7844029,0.04823017120361328
33,[0.2927765  0.69292796 0.64071107 0.9885961 ],2.0,0.7763966,0.04823017120361328
33,[0.8405718  0.23917766 0.93361837 0.41569632],5.0,0.77428013,0.04823017120361328
33,[0.4532817  0.24886076 0.5325246  0.45724082],2.0,0.71600044,0.04823017120361328
33,[0.10893919 0.28903323 0.12797181 0.38176155],0.0,0.6369784,0.04823017120361328
34,[0.14595798 0.313777   0.28215626 0.5109166 ],2.0,0.9966353,0.049494028091430664
34,[0.65194017 0.52255416 0.9507744  0.80971956],2.0,0.99512744,0.049494028091430664
34,[0.2994914  0.41769704 0.50447047 0.6756265 ],2.0,0.98569345,0.049494028091430664
34,[0.         0.38086396 0.196289   0.6423513 ],2.0,0.98003197,0.049494028091430664
34,[0.54127395 0.30991513 0.616609   0.57691264],0.0,0.9781244,0.049494028091430664
34,[0.6164878  0.27527475 0.7238448  0.48740965],2.0,0.9757556,0.049494028091430664
34,[0.66879565 0.3208102  0.843152   0.58088106],2.0,0.97369045,0.049494028091430664
34,[0.24231824 0.31016618 0.32733682 0.45353132],2.0,0.9430339,0.049494028091430664
34,[0.8413174  0.24242845 0.93215084 0.41790852],5.0,0.91578555,0.049494028091430664
34,[0.313005   0.2770192  0.49018702 0.51578826],2.0,0.88798934,0.049494028091430664
34,[0.00125377 0.52929014 0.20072214 0.99201185],2.0,0.845826,0.049494028091430664
34,[0.2943426  0.6849381  0.64513683 0.9847678 ],2.0,0.84376323,0.049494028091430664
34,[0.53194267 0.07863411 0.5538154  0.11530383],9.0,0.7727452,0.049494028091430664
34,[0.54795635 0.4416068  0.6073146  0.5775114 ],3.0,0.694472,0.049494028091430664
35,[0.6485362  0.5171548  0.95058477 0.82010114],2.0,0.9959609,0.04931950569152832
35,[0.14541328 0.31461915 0.28497362 0.5130464 ],2.0,0.99328494,0.04931950569152832
35,[0.30093843 0.41669458 0.50441736 0.67615014],2.0,0.98834485,0.04931950569152832
35,[0.         0.38280863 0.19656453 0.6421389 ],2.0,0.9857737,0.04931950569152832
35,[0.5416698  0.3048795  0.61606055 0.58031696],0.0,0.97995216,0.04931950569152832
35,[0.66852987 0.3194072  0.84320545 0.58174396],2.0,0.97468394,0.04931950569152832
35,[0.6163627  0.2747625  0.7259445  0.49070877],2.0,0.97445273,0.04931950569152832
35,[0.84387046 0.2453073  0.9330637  0.4217573 ],5.0,0.96824175,0.04931950569152832
35,[0.29623762 0.6751946  0.6361151  0.9897007 ],2.0,0.95610464,0.04931950569152832
35,[0.24204132 0.3110808  0.32930705 0.4274761 ],2.0,0.95437753,0.04931950569152832
35,[0.31173277 0.27936715 0.48879063 0.5075357 ],2.0,0.8899975,0.04931950569152832
35,[0.         0.5288203  0.20118526 0.9938766 ],2.0,0.8628164,0.04931950569152832
35,[0.5482441  0.44035465 0.6072707  0.57753533],3.0,0.7673829,0.04931950569152832
35,[0.53266823 0.08008826 0.55387604 0.11661966],9.0,0.6973777,0.04931950569152832
36,[0.65238476 0.5109471  0.9410815  0.83380425],2.0,0.99723494,0.050637245178222656
36,[0.15161137 0.31202388 0.29220843 0.52097976],2.0,0.99024653,0.050637245178222656
36,[0.30524272 0.41963702 0.5056157  0.66828674],2.0,0.98277056,0.050637245178222656
36,[0.5416365  0.3077626  0.61621886 0.576957  ],0.0,0.9793196,0.050637245178222656
36,[0.27414787 0.683857   0.6356619  0.98521954],2.0,0.9731814,0.050637245178222656
36,[0.67000806 0.31392372 0.84278715 0.58916175],2.0,0.9726541,0.050637245178222656
36,[6.1965734e-04 3.8234800e-01 2.0337734e-01 6.4347881e-01],2.0,0.9674458,0.050637245178222656
36,[0.25082266 0.3194041  0.330333   0.45178458],2.0,0.963683,0.050637245178222656
36,[0.8451151  0.24504194 0.9320703  0.42339626],5.0,0.95491916,0.050637245178222656
36,[0.61829007 0.28174037 0.723956   0.4881714 ],2.0,0.95440924,0.050637245178222656
36,[0.         0.52139294 0.18838677 0.9970008 ],2.0,0.8646764,0.050637245178222656
36,[0.3114605  0.28267285 0.494277   0.5126853 ],2.0,0.8585962,0.050637245178222656
36,[0.5496847  0.43905172 0.6081049  0.5775076 ],3.0,0.7915651,0.050637245178222656
36,[0.46409217 0.24511617 0.54697216 0.45841593],7.0,0.61482275,0.050637245178222656
36,[0.01025769 0.3040633  0.03649666 0.39906797],0.0,0.61255324,0.050637245178222656
37,[0.65016186 0.51311773 0.9343083  0.83045524],2.0,0.99749714,0.05006289482116699
37,[0.15436465 0.31729612 0.2907586  0.5181233 ],2.0,0.9926904,0.05006289482116699
37,[0.30461392 0.4206202  0.5063284  0.6697931 ],2.0,0.9918717,0.05006289482116699
37,[0.000959   0.38451222 0.20508471 0.6425252 ],2.0,0.976428,0.05006289482116699
37,[0.66999984 0.31888476 0.8427501  0.5822053 ],2.0,0.9754758,0.05006289482116699
37,[0.6191929  0.28113082 0.7266782  0.49118116],2.0,0.96990454,0.05006289482116699
37,[0.53897834 0.30013734 0.61531186 0.5567651 ],0.0,0.9696426,0.05006289482116699
37,[0.25436324 0.32427526 0.32938808 0.45175773],2.0,0.966351,0.05006289482116699
37,[0.2833326  0.6859413  0.61763495 0.98520523],2.0,0.96073085,0.05006289482116699
37,[0.8457006  0.24603182 0.93189096 0.4260201 ],5.0,0.953962,0.05006289482116699
37,[0.3096241  0.28240222 0.4972097  0.50628537],2.0,0.9103955,0.05006289482116699
37,[0.54976463 0.43866494 0.60881424 0.5761241 ],3.0,0.8991323,0.05006289482116699
37,[0.         0.5175026  0.18296403 0.99921113],2.0,0.86230946,0.05006289482116699
37,[0.3081941  0.24388397 0.49459457 0.4709332 ],7.0,0.6503997,0.05006289482116699
37,[0.46466035 0.24998417 0.5430463  0.4591379 ],7.0,0.64242566,0.05006289482116699
38,[0.6494409  0.5130449  0.93557096 0.8299627 ],2.0,0.99750847,0.047908782958984375
38,[0.15397796 0.3172829  0.2909812  0.5180804 ],2.0,0.9932868,0.047908782958984375
38,[0.3056841  0.42193037 0.50674564 0.6697244 ],2.0,0.99064326,0.047908782958984375
38,[0.0007565  0.38386935 0.2042085  0.6421786 ],2.0,0.9779869,0.047908782958984375
38,[0.67018425 0.3184813  0.84287834 0.5833585 ],2.0,0.97723746,0.047908782958984375
38,[0.53866315 0.30033547 0.61537814 0.55590975],0.0,0.9694229,0.047908782958984375
38,[0.61939585 0.28137457 0.72595525 0.4901204 ],2.0,0.967637,0.047908782958984375
38,[0.25473297 0.32384565 0.32937175 0.45224515],2.0,0.9639154,0.047908782958984375
38,[0.23913854 0.6990033  0.5984733  0.99236006],2.0,0.96172714,0.047908782958984375
38,[0.8454146  0.24574643 0.9316427  0.42648184],5.0,0.95512444,0.047908782958984375
38,[0.30921718 0.28106806 0.49743268 0.5057095 ],2.0,0.9163004,0.047908782958984375
38,[0.54983354 0.4380824  0.6088182  0.5760372 ],3.0,0.89802986,0.047908782958984375
38,[0.         0.51818514 0.18369299 0.99974203],2.0,0.86917204,0.047908782958984375
38,[0.3423165  0.63291705 0.5779571  0.78414416],2.0,0.6936015,0.047908782958984375
38,[0.3075177  0.24355617 0.49532878 0.47283736],7.0,0.67054933,0.047908782958984375
38,[0.4648395  0.25009277 0.5425374  0.4594508 ],7.0,0.6377712,0.047908782958984375
39,[0.6494206  0.51528853 0.92838275 0.8243956 ],2.0,0.9982266,0.04790472984313965
39,[0.15520659 0.3197338  0.29132053 0.5215576 ],2.0,0.9904374,0.04790472984313965
39,[0.30522716 0.41442147 0.5027165  0.6704855 ],2.0,0.9874128,0.04790472984313965
39,[0.00124196 0.3860589  0.20365646 0.64666784],2.0,0.9819341,0.04790472984313965
39,[0.5402609  0.31095213 0.612903   0.57390434],0.0,0.97316796,0.04790472984313965
39,[0.6190315  0.28173572 0.7233495  0.48993772],2.0,0.97025967,0.04790472984313965
39,[0.6682648 0.3148553 0.8420375 0.5914471],2.0,0.95443267,0.04790472984313965
39,[0.2549631  0.32572603 0.32906842 0.458786  ],2.0,0.9270508,0.04790472984313965
39,[0.8502737  0.25720793 0.9270346  0.4201178 ],5.0,0.90682364,0.04790472984313965
39,[0.5476497  0.43914217 0.6069662  0.5768153 ],3.0,0.8850254,0.04790472984313965
39,[0.24514282 0.69522583 0.5809914  0.988919  ],2.0,0.86061746,0.04790472984313965
39,[0.30902025 0.2793486  0.4958569  0.506295  ],2.0,0.85355175,0.04790472984313965
39,[0.         0.51084137 0.18492374 1.        ],2.0,0.7951327,0.04790472984313965
39,[0.3393542  0.63193    0.57386774 0.7921562 ],2.0,0.7222311,0.04790472984313965
39,[0.3091203  0.24931893 0.48843223 0.4702613 ],7.0,0.6769878,0.04790472984313965
40,[0.6461669  0.51420337 0.91672575 0.8307478 ],2.0,0.9982946,0.05571866035461426
40,[0.15635636 0.32142243 0.2889819  0.5278507 ],2.0,0.992161,0.05571866035461426
40,[0.00252862 0.38964888 0.20437059 0.65538716],2.0,0.98811734,0.05571866035461426
40,[0.29905933 0.41757238 0.4980296  0.6749593 ],2.0,0.98293245,0.05571866035461426
40,[0.6145898  0.2866402  0.71939266 0.496677  ],2.0,0.97435594,0.05571866035461426
40,[0.25185913 0.32219964 0.32686067 0.46783048],2.0,0.9468772,0.05571866035461426
40,[0.53820884 0.315642   0.6061213  0.5719938 ],0.0,0.9417954,0.05571866035461426
40,[0.66457385 0.31936118 0.82334465 0.5915972 ],2.0,0.9394058,0.05571866035461426
40,[0.28804082 0.66776264 0.6159816  0.9863622 ],2.0,0.88888747,0.05571866035461426
40,[0.30484802 0.27473047 0.4956556  0.51099825],2.0,0.87960064,0.05571866035461426
40,[0.8459711 0.2585061 0.9240705 0.4216688],5.0,0.8326367,0.05571866035461426
40,[0.         0.51486003 0.17607853 1.        ],2.0,0.8322494,0.05571866035461426
40,[0.54459846 0.439592   0.6026534  0.5764189 ],3.0,0.8259639,0.05571866035461426
40,[0.5304409  0.09362903 0.55389774 0.13054322],9.0,0.65207,0.05571866035461426
40,[0.45185694 0.2584306  0.53378224 0.46106762],7.0,0.6402192,0.05571866035461426
40,[0.10938634 0.31042907 0.1285384  0.3889592 ],0.0,0.62299234,0.05571866035461426
41,[0.64209855 0.5031846  0.89751375 0.8421894 ],2.0,0.99766093,0.04967236518859863
41,[3.3944845e-04 3.9906225e-01 2.0117864e-01 6.5932333e-01],2.0,0.99518156,0.04967236518859863
41,[0.15249714 0.33742708 0.2919525  0.54491276],2.0,0.9925332,0.04967236518859863
41,[0.6603814  0.34925517 0.8182846  0.611035  ],2.0,0.9725154,0.04967236518859863
41,[0.6134755  0.30211172 0.7188856  0.500277  ],2.0,0.9603674,0.04967236518859863
41,[0.29662532 0.42438924 0.4924186  0.66332054],2.0,0.95817155,0.04967236518859863
41,[0.25346664 0.33940724 0.3253266  0.49660948],2.0,0.9573581,0.04967236518859863
41,[0.53642446 0.31839752 0.6035903  0.5763653 ],0.0,0.9369081,0.04967236518859863
41,[0.8381046  0.26516125 0.926057   0.45092478],5.0,0.92110026,0.04967236518859863
41,[0.5417639  0.43903407 0.600279   0.5884067 ],3.0,0.8826113,0.04967236518859863
41,[0.72787404 0.3077133  0.8262938  0.413905  ],2.0,0.8798262,0.04967236518859863
41,[0.28428334 0.3339317  0.49933428 0.7139313 ],2.0,0.8040549,0.04967236518859863
41,[0.1057698  0.3158824  0.12527713 0.39336398],0.0,0.734119,0.04967236518859863
41,[0.49952945 0.23847878 0.6006434  0.41810793],7.0,0.7296218,0.04967236518859863
41,[0.5264497  0.10706407 0.5571221  0.14883733],9.0,0.63000864,0.04967236518859863
41,[0.293996   0.6667835  0.6245948  0.99060947],2.0,0.62224585,0.04967236518859863
41,[0.44778964 0.263083   0.53029084 0.4687352 ],7.0,0.6105384,0.04967236518859863
42,[0.6408872  0.52157646 0.8922662  0.89061886],2.0,0.99759054,0.04967331886291504
42,[0.15533486 0.34754413 0.2894493  0.5444566 ],2.0,0.9958586,0.04967331886291504
42,[0.         0.4055139  0.20334703 0.67092717],2.0,0.9936922,0.04967331886291504
42,[0.658702   0.34570754 0.8191879  0.61115026],2.0,0.9825319,0.04967331886291504
42,[0.61337847 0.3071441  0.71502024 0.5229783 ],2.0,0.9740231,0.04967331886291504
42,[0.296184   0.42323017 0.48976284 0.66827285],2.0,0.9683782,0.04967331886291504
42,[0.25318927 0.3500109  0.327056   0.49992177],2.0,0.95475096,0.04967331886291504
42,[0.5349602  0.3264763  0.60366493 0.57841885],0.0,0.9086383,0.04967331886291504
42,[0.8409039  0.2839321  0.9194217  0.45140308],5.0,0.8909418,0.04967331886291504
42,[0.534808   0.35285187 0.6031665  0.5972727 ],3.0,0.84248805,0.04967331886291504
42,[0.5416642  0.4403471  0.6001896  0.59517837],3.0,0.83370376,0.04967331886291504
42,[0.7296938  0.3124155  0.822253   0.41518453],2.0,0.75255877,0.04967331886291504
42,[0.10610298 0.328052   0.12634249 0.40479252],0.0,0.72148824,0.04967331886291504
42,[0.5240432  0.11284575 0.55606234 0.15605998],9.0,0.6723205,0.04967331886291504
42,[0.44867057 0.2865277  0.53146416 0.4925894 ],7.0,0.6236783,0.04967331886291504
42,[0.29115814 0.61858654 0.61003864 0.98397803],2.0,0.6173597,0.04967331886291504
42,[0.5258816  0.11805479 0.54919356 0.15133755],9.0,0.6144018,0.04967331886291504
42,[0.30086344 0.28320318 0.48914742 0.5283777 ],2.0,0.600206,0.04967331886291504
43,[0.6399189 0.5219393 0.8926734 0.8884138],2.0,0.99757177,0.04894566535949707
43,[0.15551303 0.3469348  0.2891425  0.5455909 ],2.0,0.99593747,0.04894566535949707
43,[0.         0.4056272  0.20225158 0.67151254],2.0,0.992074,0.04894566535949707
43,[0.65935504 0.34796035 0.8183336  0.60785925],2.0,0.9825805,0.04894566535949707
43,[0.6135827  0.30841917 0.7151846  0.5213676 ],2.0,0.97214055,0.04894566535949707
43,[0.29557875 0.42517054 0.4915429  0.6690638 ],2.0,0.9668649,0.04894566535949707
43,[0.25382754 0.3501767  0.3273377  0.49917352],2.0,0.95411634,0.04894566535949707
43,[0.5340487  0.32747012 0.6049472  0.5770441 ],0.0,0.9310501,0.04894566535949707
43,[0.5409938  0.4428174  0.6015835  0.59542114],3.0,0.9310442,0.04894566535949707
43,[0.8410695  0.28365836 0.91939265 0.45071515],5.0,0.9247886,0.04894566535949707
43,[0.53380644 0.35320184 0.60425925 0.59731126],3.0,0.8208083,0.04894566535949707
43,[0.7296711  0.31314033 0.82294726 0.4148252 ],2.0,0.7321,0.04894566535949707
43,[0.10621129 0.32821888 0.12616558 0.40471518],0.0,0.69866765,0.04894566535949707
43,[0.5240205  0.1130556  0.5559872  0.15614013],9.0,0.676852,0.04894566535949707
43,[0.44877347 0.28583467 0.53131086 0.49291408],7.0,0.6661919,0.04894566535949707
43,[0.08572574 0.3332407  0.1072171  0.40602344],0.0,0.60866994,0.04894566535949707
43,[0.5262259  0.11817934 0.5496042  0.15154263],9.0,0.6017915,0.04894566535949707
44,[0.63733023 0.5346755  0.8874064  0.8806007 ],2.0,0.9978912,0.047792911529541016
44,[0.00152587 0.40851548 0.20041671 0.67815495],2.0,0.9947536,0.047792911529541016
44,[0.15668674 0.35191151 0.2892884  0.55648226],2.0,0.99370867,0.047792911529541016
44,[0.6599164 0.3586702 0.8155302 0.599777 ],2.0,0.9881958,0.047792911529541016
44,[0.60815406 0.32300374 0.7163117  0.5233435 ],2.0,0.975268,0.047792911529541016
44,[0.29225963 0.46409243 0.48879308 0.6829919 ],2.0,0.9671508,0.047792911529541016
44,[0.25135612 0.3548545  0.32715887 0.49959132],2.0,0.9630924,0.047792911529541016
44,[0.53176624 0.3399789  0.6033986  0.57235676],0.0,0.93075395,0.047792911529541016
44,[0.83406043 0.27266344 0.92683864 0.46147588],5.0,0.92923754,0.047792911529541016
44,[0.5408206  0.44762287 0.6008967  0.59907573],3.0,0.9118805,0.047792911529541016
44,[0.3047799  0.305817   0.48628938 0.53511775],2.0,0.8181669,0.047792911529541016
44,[0.278301   0.61494255 0.5725999  0.99051857],2.0,0.758063,0.047792911529541016
44,[0.08624279 0.3531308  0.10665201 0.41260776],0.0,0.70481265,0.047792911529541016
44,[0.45746186 0.31324923 0.5201726  0.47499174],2.0,0.66986936,0.047792911529541016
44,[0.52433306 0.12490943 0.55479497 0.16592321],9.0,0.6600874,0.047792911529541016
44,[0.28528416 0.34014106 0.49412155 0.71417224],2.0,0.6367946,0.047792911529541016
44,[0.5334018  0.34952626 0.6018687  0.60251   ],3.0,0.6072095,0.047792911529541016
45,[0.6370066  0.53840894 0.88657075 0.88939315],2.0,0.9974961,0.04578113555908203
45,[0.15811917 0.3610627  0.29004258 0.55907494],2.0,0.9944533,0.04578113555908203
45,[0.0046481  0.40956798 0.20569308 0.68290496],2.0,0.99425125,0.04578113555908203
45,[0.6577176  0.36589774 0.81652343 0.598073  ],2.0,0.9912812,0.04578113555908203
45,[0.6074193  0.33123618 0.7148724  0.52636933],2.0,0.9716098,0.04578113555908203
45,[0.29812938 0.4301555  0.48845363 0.66577303],2.0,0.9696576,0.04578113555908203
45,[0.25195572 0.36528665 0.32584944 0.5223564 ],2.0,0.9664897,0.04578113555908203
45,[0.8348061  0.29731518 0.9241736  0.4730988 ],5.0,0.9541154,0.04578113555908203
45,[0.53259116 0.3403276  0.6032792  0.5747275 ],0.0,0.9159661,0.04578113555908203
45,[0.54196954 0.445385   0.60074925 0.60262364],3.0,0.8746413,0.04578113555908203
45,[0.30255866 0.30771527 0.4887377  0.53714395],2.0,0.82163405,0.04578113555908203
45,[0.2856444  0.61664474 0.61244655 0.98466086],2.0,0.7851768,0.04578113555908203
45,[0.08646227 0.35314545 0.10791195 0.41727903],0.0,0.719531,0.04578113555908203
45,[0.7284985  0.33205843 0.8237216  0.44348496],2.0,0.64893657,0.04578113555908203
45,[0.10521821 0.34316552 0.12610747 0.41739583],0.0,0.6485158,0.04578113555908203
45,[0.00111768 0.58071154 0.10133492 0.9448473 ],2.0,0.63571334,0.04578113555908203
45,[0.46058282 0.32870138 0.52311856 0.4968626 ],2.0,0.63315904,0.04578113555908203
45,[0.5246738  0.13473825 0.54673135 0.16782932],9.0,0.6132586,0.04578113555908203
46,[0.63512075 0.53721476 0.88147914 0.88542116],2.0,0.9978956,0.05060625076293945
46,[0.15921006 0.37546858 0.29426688 0.56866324],2.0,0.99755454,0.05060625076293945
46,[0.00819869 0.4137151  0.21232115 0.6815392 ],2.0,0.9959711,0.05060625076293945
46,[0.6576973  0.3708427  0.8168453  0.59488124],2.0,0.98668766,0.05060625076293945
46,[0.30201733 0.4432956  0.49063045 0.6547421 ],2.0,0.97666234,0.05060625076293945
46,[0.6095435 0.3343379 0.7162934 0.5307903],2.0,0.96765983,0.05060625076293945
46,[0.25576377 0.3743505  0.32704675 0.5174312 ],2.0,0.96646005,0.05060625076293945
46,[0.5341275  0.3420378  0.6057025  0.57464737],0.0,0.9579267,0.05060625076293945
46,[0.8361855  0.30140755 0.9237184  0.48140654],5.0,0.948459,0.05060625076293945
46,[0.5426743  0.47004563 0.598976   0.6054463 ],3.0,0.8628753,0.05060625076293945
46,[0.30562615 0.30940798 0.48757082 0.5332581 ],2.0,0.8390721,0.05060625076293945
46,[0.10664873 0.34914318 0.12678419 0.42126152],0.0,0.8271627,0.05060625076293945
46,[0.02384835 0.36425444 0.04849308 0.46138778],0.0,0.69914603,0.05060625076293945
46,[0.00231716 0.57945234 0.10253803 0.9428746 ],2.0,0.6903583,0.05060625076293945
46,[0.72862136 0.33927044 0.8202913  0.44427255],2.0,0.6660047,0.05060625076293945
47,[0.16324607 0.37621436 0.2975155  0.569701  ],2.0,0.99745727,0.04954886436462402
47,[0.6371145 0.536569  0.8781345 0.8833293],2.0,0.9973235,0.04954886436462402
47,[0.01037753 0.416534   0.21439178 0.6792224 ],2.0,0.99498874,0.04954886436462402
47,[0.6580378  0.3720318  0.8159021  0.58948195],2.0,0.98280567,0.04954886436462402
47,[0.3054266  0.44200522 0.49262488 0.6558184 ],2.0,0.97952664,0.04954886436462402
47,[0.25841567 0.37129116 0.32924476 0.5242955 ],2.0,0.9672173,0.04954886436462402
47,[0.8367858  0.3054886  0.9235225  0.48137355],5.0,0.9589939,0.04954886436462402
47,[0.6148445 0.3364482 0.720148  0.5293289],2.0,0.9587504,0.04954886436462402
47,[0.53622276 0.34547234 0.6068805  0.573296  ],0.0,0.9557799,0.04954886436462402
47,[0.5438635  0.46927902 0.59986204 0.60524684],3.0,0.88872755,0.04954886436462402
47,[0.10631337 0.3490948  0.12825425 0.4215442 ],0.0,0.8068799,0.04954886436462402
47,[0.30807653 0.3103106  0.4893829  0.53028315],2.0,0.6858559,0.04954886436462402
47,[0.5267861  0.13992304 0.5562086  0.18388218],9.0,0.6431663,0.04954886436462402
47,[0.30561066 0.30919686 0.48638523 0.5279712 ],7.0,0.6056787,0.04954886436462402
48,[0.16357595 0.37702376 0.29746988 0.56883067],2.0,0.99739206,0.04801344871520996
48,[0.30707833 0.4419039  0.4897171  0.6565371 ],2.0,0.9959338,0.04801344871520996
48,[0.63824254 0.53833574 0.8758772  0.8781586 ],2.0,0.99536836,0.04801344871520996
48,[0.01064376 0.41588902 0.21422046 0.676828  ],2.0,0.9947235,0.04801344871520996
48,[0.66141236 0.37449896 0.8158959  0.58347535],2.0,0.98224574,0.04801344871520996
48,[0.25794595 0.3752734  0.3290031  0.5212094 ],2.0,0.9770118,0.04801344871520996
48,[0.835876   0.30614477 0.92337763 0.48041517],5.0,0.9685432,0.04801344871520996
48,[0.614734   0.33709347 0.7214635  0.52934015],2.0,0.9552588,0.04801344871520996
48,[0.5360627  0.34235862 0.6076281  0.57544667],0.0,0.9449785,0.04801344871520996
48,[0.10553917 0.34961906 0.12820753 0.4214051 ],0.0,0.85110545,0.04801344871520996
48,[0.5442908 0.4734815 0.5991005 0.6041724],3.0,0.8230132,0.04801344871520996
48,[0.30784407 0.31048644 0.48824593 0.5313057 ],2.0,0.8087554,0.04801344871520996
48,[0.52713656 0.14009029 0.5568838  0.1817281 ],9.0,0.65669787,0.04801344871520996
49,[0.16597489 0.37684444 0.29865602 0.56739676],2.0,0.9962307,0.04777979850769043
49,[0.63868785 0.5349989  0.8767749  0.87846255],2.0,0.9953655,0.04777979850769043
49,[0.01380277 0.41243905 0.2139428  0.6821707 ],2.0,0.9942422,0.04777979850769043
49,[0.3086747  0.4464923  0.49204707 0.64667857],2.0,0.9912841,0.04777979850769043
49,[0.65896845 0.37363738 0.81815434 0.5880963 ],2.0,0.98237294,0.04777979850769043
49,[0.26156121 0.37553763 0.33134437 0.5184752 ],2.0,0.9744519,0.04777979850769043
49,[0.614347   0.33800653 0.7201747  0.52836674],2.0,0.9634774,0.04777979850769043
49,[0.53637475 0.34409142 0.6091326  0.57136023],0.0,0.9355104,0.04777979850769043
49,[0.83583224 0.30455527 0.9230764  0.47915176],5.0,0.929931,0.04777979850769043
49,[0.5439292  0.47130162 0.6013174  0.6031224 ],3.0,0.88007957,0.04777979850769043
49,[0.27431947 0.6042672  0.57354385 0.9711302 ],2.0,0.8519844,0.04777979850769043
49,[0.3097775  0.31157744 0.48883122 0.5305119 ],2.0,0.75329584,0.04777979850769043
49,[0.528438   0.1399931  0.557281   0.18258443],9.0,0.74954146,0.04777979850769043
49,[0.10760813 0.34925282 0.12887737 0.4195928 ],0.0,0.73503816,0.04777979850769043
49,[0.7308305  0.34428453 0.8227822  0.4435528 ],2.0,0.6508318,0.04777979850769043
50,[0.16723892 0.37749374 0.29981628 0.5666543 ],2.0,0.9951978,0.05408740043640137
50,[0.01857274 0.41040808 0.21716344 0.68132967],2.0,0.9941113,0.05408740043640137
50,[0.6391004  0.53163457 0.87348205 0.8805404 ],2.0,0.99400324,0.05408740043640137
50,[0.3111695  0.45012936 0.497006   0.6422651 ],2.0,0.9890592,0.05408740043640137
50,[0.66056967 0.37277782 0.81676567 0.5856241 ],2.0,0.9662079,0.05408740043640137
50,[0.61753404 0.33679718 0.72260916 0.52869165],2.0,0.96266985,0.05408740043640137
50,[0.83754534 0.30374664 0.92629606 0.4827491 ],5.0,0.95708233,0.05408740043640137
50,[0.26714936 0.37333387 0.33309433 0.5221506 ],2.0,0.94293195,0.05408740043640137
50,[0.537124  0.3405374 0.6086617 0.5730804],0.0,0.9360791,0.05408740043640137
50,[0.26946577 0.59809417 0.56457174 0.9737635 ],2.0,0.9077489,0.05408740043640137
50,[0.3079493  0.32877168 0.50317484 0.5739323 ],2.0,0.8211119,0.05408740043640137
50,[0.10903603 0.34880316 0.1288538  0.4183454 ],0.0,0.8147553,0.05408740043640137
50,[0.54583603 0.4710774  0.60229474 0.6033398 ],3.0,0.7729605,0.05408740043640137
50,[0.5317325  0.13900676 0.5535429  0.17936671],9.0,0.75531685,0.05408740043640137
51,[0.17529115 0.37998807 0.29883662 0.5636505 ],2.0,0.9959443,0.050139665603637695
51,[0.64232576 0.5275614  0.87093294 0.88435113],2.0,0.99484307,0.050139665603637695
51,[0.02151424 0.41070542 0.22066611 0.68002903],2.0,0.9917047,0.050139665603637695
51,[0.31353962 0.44321474 0.49661338 0.6465808 ],2.0,0.98813766,0.050139665603637695
51,[0.2736519  0.3758196  0.33321828 0.5213951 ],2.0,0.9464342,0.050139665603637695
51,[0.2770034  0.59357804 0.54305124 0.97565466],2.0,0.942102,0.050139665603637695
51,[0.6204632  0.3406118  0.72167844 0.5422071 ],2.0,0.93583834,0.050139665603637695
51,[0.668698   0.36177894 0.8068643  0.5490722 ],2.0,0.92415774,0.050139665603637695
51,[0.838794   0.3038918  0.9277139  0.48657075],5.0,0.9240854,0.050139665603637695
51,[0.53844273 0.34394726 0.6097435  0.5687611 ],0.0,0.92013377,0.050139665603637695
51,[0.5467458  0.44792923 0.60594356 0.5985552 ],3.0,0.84404206,0.050139665603637695
51,[0.3076824  0.3255531  0.50189435 0.5744436 ],2.0,0.81862265,0.050139665603637695
51,[0.533146   0.14520685 0.5536667  0.18122868],9.0,0.74497044,0.050139665603637695
51,[0.11054721 0.35289532 0.13011234 0.41708732],0.0,0.6283794,0.050139665603637695
51,[0.         0.5113019  0.17372185 1.        ],2.0,0.6178771,0.050139665603637695
52,[0.18146877 0.38070542 0.30287564 0.5633628 ],2.0,0.9969105,0.05168581008911133
52,[0.6420163  0.52769494 0.86993706 0.8851373 ],2.0,0.99390733,0.05168581008911133
52,[0.0252797  0.40558022 0.23546451 0.6814869 ],2.0,0.99293816,0.05168581008911133
52,[0.31107697 0.43553597 0.49762413 0.64995223],2.0,0.97167325,0.05168581008911133
52,[0.83835226 0.30860454 0.92806715 0.48732507],5.0,0.9559004,0.05168581008911133
52,[0.6213115  0.3410737  0.72073025 0.54351044],2.0,0.9492275,0.05168581008911133
52,[0.28758183 0.5469543  0.54173195 0.91853344],2.0,0.94458354,0.05168581008911133
52,[0.6701928  0.36097577 0.8108379  0.5479896 ],2.0,0.9345891,0.05168581008911133
52,[0.54832685 0.44802445 0.6080586  0.5990607 ],3.0,0.9226617,0.05168581008911133
52,[0.27377573 0.37852082 0.33530244 0.5182017 ],2.0,0.9016568,0.05168581008911133
52,[0.5401241  0.34464955 0.6135182  0.56974137],0.0,0.8806787,0.05168581008911133
52,[0.30820367 0.32705587 0.5052848  0.5748249 ],2.0,0.79547507,0.05168581008911133
52,[0.3073466 0.6044966 0.5283003 0.8598838],2.0,0.719625,0.05168581008911133
52,[0.         0.51779526 0.16933647 1.        ],2.0,0.67853534,0.05168581008911133
52,[0.5342016  0.14964533 0.5543488  0.18235025],9.0,0.6359099,0.05168581008911133
53,[0.18408427 0.38130963 0.30717844 0.5639564 ],2.0,0.99551743,0.047870635986328125
53,[0.03030217 0.40689307 0.23811767 0.67527527],2.0,0.9942913,0.047870635986328125
53,[0.63867354 0.5224948  0.87224305 0.8908875 ],2.0,0.99426043,0.047870635986328125
53,[0.28306246 0.5503968  0.542464   0.9097072 ],2.0,0.96954507,0.047870635986328125
53,[0.6218609  0.34142414 0.72229284 0.54475605],2.0,0.9600758,0.047870635986328125
53,[0.6717381  0.36254847 0.81047696 0.5476887 ],2.0,0.9538072,0.047870635986328125
53,[0.55018306 0.44360322 0.60900927 0.5986423 ],3.0,0.941915,0.047870635986328125
53,[0.3152611  0.43373933 0.49976662 0.64261913],2.0,0.941891,0.047870635986328125
53,[0.84235066 0.31045765 0.9305462  0.48977935],5.0,0.87388706,0.047870635986328125
53,[0.27632558 0.38123104 0.33761925 0.51838785],2.0,0.86871934,0.047870635986328125
53,[0.31149495 0.32675317 0.5062055  0.5739448 ],2.0,0.8447721,0.047870635986328125
53,[0.5440621  0.3603276  0.60552496 0.5476674 ],0.0,0.8444824,0.047870635986328125
53,[0.47730616 0.32833195 0.5382028  0.51203054],2.0,0.62989557,0.047870635986328125
54,[0.1837481  0.3812479  0.30730307 0.5639314 ],2.0,0.9952659,0.05200791358947754
54,[0.6383513  0.5229747  0.87261784 0.88951075],2.0,0.9942168,0.05200791358947754
54,[0.03003462 0.40743047 0.23818    0.6739057 ],2.0,0.99344313,0.05200791358947754
54,[0.28335255 0.55422354 0.5418928  0.90359807],2.0,0.9690913,0.05200791358947754
54,[0.62182367 0.34099475 0.7229384  0.5450201 ],2.0,0.96065265,0.05200791358947754
54,[0.6721389  0.36242297 0.81016266 0.5470553 ],2.0,0.9543106,0.05200791358947754
54,[0.31493518 0.4349289  0.49968567 0.6431376 ],2.0,0.94922704,0.05200791358947754
54,[0.55069834 0.44499823 0.60865957 0.59953487],3.0,0.94300634,0.05200791358947754
54,[0.27649516 0.38149962 0.33751523 0.51771206],2.0,0.8706135,0.05200791358947754
54,[0.8425598  0.31068558 0.9304602  0.48965883],5.0,0.8687706,0.05200791358947754
54,[0.5440626 0.3604259 0.6053704 0.5476583],0.0,0.85548156,0.05200791358947754
54,[0.3111657  0.32740206 0.50621283 0.57260686],2.0,0.850012,0.05200791358947754
54,[0.47736073 0.32844087 0.5381087  0.5119212 ],2.0,0.63431734,0.05200791358947754
55,[0.03141657 0.40541744 0.24084073 0.670079  ],2.0,0.9944615,0.048664093017578125
55,[0.18427137 0.3830232  0.30965146 0.5609791 ],2.0,0.99153733,0.048664093017578125
55,[0.64197433 0.51882166 0.8685864  0.8943277 ],2.0,0.9898433,0.048664093017578125
55,[0.6736822  0.36005542 0.809917   0.54482543],2.0,0.9777492,0.048664093017578125
55,[0.27545655 0.550966   0.53824854 0.90137434],2.0,0.9657407,0.048664093017578125
55,[0.5517457  0.44060928 0.6100401  0.5997465 ],3.0,0.958989,0.048664093017578125
55,[0.6219239  0.34108186 0.7257465  0.54407936],2.0,0.9517907,0.048664093017578125
55,[0.544238   0.3596861  0.6056019  0.54486096],0.0,0.8851819,0.048664093017578125
55,[0.8407827  0.31387204 0.93019956 0.4890334 ],5.0,0.86849874,0.048664093017578125
55,[0.27776903 0.38317093 0.337951   0.51656455],2.0,0.8642766,0.048664093017578125
55,[0.31265774 0.32688785 0.5056859  0.57828754],2.0,0.83500516,0.048664093017578125
55,[0.3188271  0.4365612  0.49916828 0.62760997],2.0,0.8022709,0.048664093017578125
55,[0.         0.51909935 0.18692735 1.        ],2.0,0.7211364,0.048664093017578125
55,[0.47944105 0.33064312 0.5391456  0.51040286],2.0,0.6957006,0.048664093017578125
55,[0.7541413  0.35394058 0.8330671  0.4859315 ],2.0,0.60015434,0.048664093017578125
56,[0.03694592 0.4050086  0.24587768 0.664607  ],2.0,0.9951076,0.050241947174072266
56,[0.18846431 0.38138324 0.3186052  0.5610234 ],2.0,0.99072075,0.050241947174072266
56,[0.63402224 0.49751556 0.84885573 0.8641876 ],2.0,0.9850375,0.050241947174072266
56,[0.55402905 0.44084913 0.61486894 0.59335893],3.0,0.9730175,0.050241947174072266
56,[0.2677287  0.5515204  0.53716826 0.8894108 ],2.0,0.9649222,0.050241947174072266
56,[0.6742798  0.36046454 0.8098837  0.5370377 ],2.0,0.9615457,0.050241947174072266
56,[0.8421208  0.31213397 0.9325704  0.49002445],5.0,0.94059575,0.050241947174072266
56,[0.31708714 0.43773493 0.49832836 0.6301163 ],2.0,0.92061657,0.050241947174072266
56,[0.54623216 0.35637954 0.6075892  0.547075  ],0.0,0.90181196,0.050241947174072266
56,[0.6250323  0.33915144 0.72748864 0.5259122 ],2.0,0.8969946,0.050241947174072266
56,[0.31169337 0.32706296 0.5064647  0.5722911 ],2.0,0.87160677,0.050241947174072266
56,[0.         0.51036555 0.18990073 1.        ],2.0,0.7178617,0.050241947174072266
56,[0.28963777 0.37909204 0.34309444 0.5161744 ],2.0,0.68521255,0.050241947174072266
56,[0.54539996 0.36658564 0.6217682  0.5894114 ],3.0,0.67569673,0.050241947174072266
56,[0.48099566 0.32916063 0.5389594  0.5068036 ],2.0,0.6474351,0.050241947174072266
57,[0.03955938 0.40721017 0.24714653 0.6648961 ],2.0,0.99620867,0.049935102462768555
57,[0.6339912  0.4977707  0.84861034 0.8643341 ],2.0,0.9922053,0.049935102462768555
57,[0.19211856 0.37081718 0.31706664 0.550374  ],2.0,0.99076617,0.049935102462768555
57,[0.67316854 0.35903385 0.81161535 0.53768086],2.0,0.96705455,0.049935102462768555
57,[0.31790316 0.43763754 0.49865407 0.6252925 ],2.0,0.96434516,0.049935102462768555
57,[0.26553887 0.55617833 0.53480947 0.88412094],2.0,0.96434075,0.049935102462768555
57,[0.55427444 0.44283608 0.6164731  0.58690107],3.0,0.95753276,0.049935102462768555
57,[0.84668785 0.30836958 0.9342117  0.49048018],5.0,0.94129527,0.049935102462768555
57,[0.5456566  0.35176548 0.6211801  0.5636853 ],0.0,0.8983965,0.049935102462768555
57,[0.62641084 0.3392471  0.7319194  0.5237454 ],2.0,0.8681929,0.049935102462768555
57,[0.3112879  0.3273978  0.5078392  0.57138616],2.0,0.8586005,0.049935102462768555
57,[0.         0.47605398 0.17803761 0.98495317],2.0,0.7349033,0.049935102462768555
57,[0.54498124 0.36820793 0.62259364 0.58640754],3.0,0.7198777,0.049935102462768555
57,[0.28895658 0.37815493 0.34199834 0.4775995 ],2.0,0.65930885,0.049935102462768555
57,[0.5302144  0.2891919  0.6149484  0.42730254],7.0,0.6577512,0.049935102462768555
58,[0.63092786 0.5043483  0.8500839  0.85780644],2.0,0.9953534,0.045737266540527344
58,[0.04124098 0.40654302 0.24913488 0.6623459 ],2.0,0.9950308,0.045737266540527344
58,[0.19417669 0.37147242 0.3184325  0.54779226],2.0,0.99155694,0.045737266540527344
58,[0.261419   0.55408704 0.53943956 0.87142646],2.0,0.9769679,0.045737266540527344
58,[0.3242215 0.4380619 0.4990967 0.6168861],2.0,0.9705381,0.045737266540527344
58,[0.55442154 0.44484857 0.61655045 0.5841143 ],3.0,0.96924376,0.045737266540527344
58,[0.6724161 0.3586373 0.8091483 0.5329056],2.0,0.94026345,0.045737266540527344
58,[0.6275604  0.34161955 0.73181725 0.5224636 ],2.0,0.9118901,0.045737266540527344
58,[0.8480826  0.3091196  0.93383354 0.49057707],5.0,0.8357017,0.045737266540527344
58,[0.5484005  0.35750377 0.6103374  0.5449076 ],0.0,0.81337285,0.045737266540527344
58,[0.3242904  0.31171685 0.5027099  0.5358206 ],2.0,0.81007767,0.045737266540527344
58,[0.29221296 0.37876698 0.34264642 0.47965434],2.0,0.7541846,0.045737266540527344
58,[0.546808  0.3735245 0.6229366 0.5857297],3.0,0.7417061,0.045737266540527344
58,[0.         0.4719907  0.17618433 0.9869057 ],2.0,0.6880467,0.045737266540527344
58,[0.5330448  0.29237396 0.61606526 0.42614985],7.0,0.6702364,0.045737266540527344
59,[0.63024384 0.5027158  0.850383   0.8588264 ],2.0,0.9959717,0.04624772071838379
59,[0.04072016 0.40652168 0.24944633 0.66242087],2.0,0.9947348,0.04624772071838379
59,[0.19433525 0.37157273 0.31838784 0.5473866 ],2.0,0.9916938,0.04624772071838379
59,[0.26022184 0.5543114  0.5401007  0.8704753 ],2.0,0.9788227,0.04624772071838379
59,[0.5541045  0.44320908 0.61733645 0.58408415],3.0,0.9706011,0.04624772071838379
59,[0.32359403 0.43753797 0.49893165 0.6175533 ],2.0,0.97034353,0.04624772071838379
59,[0.67197037 0.35835347 0.8091389  0.53355676],2.0,0.93804866,0.04624772071838379
59,[0.6272304  0.3418163  0.73187864 0.52218425],2.0,0.89542663,0.04624772071838379
59,[0.84806675 0.30928227 0.9339785  0.49043038],5.0,0.8563317,0.04624772071838379
59,[0.32479855 0.312086   0.5025622  0.5350385 ],2.0,0.8049176,0.04624772071838379
59,[0.54666066 0.37515807 0.623376   0.58512545],3.0,0.77900976,0.04624772071838379
59,[0.5482042  0.35724398 0.61082745 0.54347706],0.0,0.77845603,0.04624772071838379
59,[0.2920554  0.37849456 0.34258386 0.4796602 ],2.0,0.77153474,0.04624772071838379
59,[0.533199   0.2923118  0.6159013  0.42552578],7.0,0.71645945,0.04624772071838379
59,[0.         0.47225845 0.17670925 0.98805046],2.0,0.70791966,0.04624772071838379
60,[0.6266901  0.49731636 0.8482931  0.8573791 ],2.0,0.9965594,0.05128908157348633
60,[0.19665833 0.37118468 0.3188699  0.5465458 ],2.0,0.9945808,0.05128908157348633
60,[0.04513202 0.40701354 0.25020033 0.6551944 ],2.0,0.98993844,0.05128908157348633
60,[0.25633454 0.5433314  0.5358758  0.87643397],2.0,0.9695945,0.05128908157348633
60,[0.55484504 0.43760157 0.62133485 0.58024466],3.0,0.9579249,0.05128908157348633
60,[0.6734274  0.35930014 0.8118194  0.53195256],2.0,0.951765,0.05128908157348633
60,[0.6274158  0.3379761  0.7316966  0.52218884],2.0,0.94231087,0.05128908157348633
60,[0.32610792 0.4324897  0.49620575 0.6227073 ],2.0,0.918027,0.05128908157348633
60,[0.29513136 0.37599856 0.34526888 0.4786468 ],2.0,0.84722185,0.05128908157348633
60,[0.5489117  0.37677622 0.6249267  0.5852514 ],3.0,0.8396661,0.05128908157348633
60,[0.54701614 0.3469169  0.62447023 0.5589906 ],0.0,0.8359729,0.05128908157348633
60,[0.32840496 0.31222737 0.5019441  0.53553385],2.0,0.82306534,0.05128908157348633
60,[0.8520507  0.32284862 0.9295091  0.47972488],5.0,0.7927313,0.05128908157348633
61,[0.6283361  0.49966896 0.84758174 0.8427377 ],2.0,0.9984421,0.0487825870513916
61,[0.20109677 0.37128812 0.3256929  0.546426  ],2.0,0.994144,0.0487825870513916
61,[0.05042616 0.40528664 0.25672162 0.65349746],2.0,0.9870295,0.0487825870513916
61,[0.25242358 0.5419095  0.5375106  0.87324125],2.0,0.97637004,0.0487825870513916
61,[0.3278381  0.4304145  0.500068   0.62719005],2.0,0.95966935,0.0487825870513916
61,[0.6737306  0.354932   0.8108742  0.53493637],2.0,0.95455474,0.0487825870513916
61,[0.5558997  0.43713704 0.6214451  0.57825935],3.0,0.94244444,0.0487825870513916
61,[0.64561045 0.3409918  0.73679936 0.52080196],2.0,0.9111072,0.0487825870513916
61,[0.55074936 0.34333685 0.62541145 0.5583915 ],0.0,0.87824667,0.0487825870513916
61,[0.30216578 0.37633732 0.34774467 0.47869256],2.0,0.79878277,0.0487825870513916
61,[0.31799537 0.33045834 0.504275   0.58410823],2.0,0.784214,0.0487825870513916
61,[0.8535153  0.32840496 0.92767125 0.47334802],5.0,0.7284126,0.0487825870513916
61,[0.7721589  0.35299993 0.8333042  0.48469913],2.0,0.71242213,0.0487825870513916
61,[0.12080906 0.35145974 0.14237924 0.40685672],0.0,0.6038754,0.0487825870513916
62,[0.62678754 0.4926621  0.84623253 0.83778036],2.0,0.99855274,0.05527091026306152
62,[0.20338556 0.36936513 0.32636842 0.54552245],2.0,0.9930981,0.05527091026306152
62,[0.05341869 0.40413332 0.25517496 0.6523621 ],2.0,0.98797834,0.05527091026306152
62,[0.645259   0.33897275 0.737157   0.51816773],2.0,0.9548587,0.05527091026306152
62,[0.67300195 0.35596496 0.8122323  0.53484225],2.0,0.94734836,0.05527091026306152
62,[0.5581937  0.4390791  0.6191745  0.57507986],3.0,0.9234526,0.05527091026306152
62,[0.3305444 0.4244696 0.5003722 0.627813 ],2.0,0.9128302,0.05527091026306152
62,[0.25308973 0.53867155 0.5377499  0.8707662 ],2.0,0.904303,0.05527091026306152
62,[0.85212964 0.3248148  0.92876524 0.47657824],5.0,0.82639134,0.05527091026306152
62,[0.5514888  0.34235424 0.624384   0.5586386 ],0.0,0.81128675,0.05527091026306152
62,[0.32040817 0.33893818 0.50375026 0.5863598 ],2.0,0.7257191,0.05527091026306152
62,[0.3036805  0.3771639  0.34659597 0.47912878],2.0,0.7207236,0.05527091026306152
62,[0.7713742  0.3527348  0.83327115 0.48436403],2.0,0.6936851,0.05527091026306152
62,[0.5414026  0.14355442 0.57221186 0.18796358],9.0,0.6895261,0.05527091026306152
62,[4.2499602e-04 4.9904400e-01 1.0255100e-01 8.4818417e-01],2.0,0.65290123,0.05527091026306152
62,[0.28019732 0.5811886  0.51700026 0.8153593 ],2.0,0.6370807,0.05527091026306152
62,[0.5516455  0.35116342 0.60796976 0.5002322 ],0.0,0.6343995,0.05527091026306152
63,[0.62505764 0.48981225 0.8437316  0.82571316],2.0,0.99801636,0.04790019989013672
63,[0.20649949 0.36962336 0.32637474 0.5411555 ],2.0,0.994955,0.04790019989013672
63,[0.05381409 0.4019788  0.25759062 0.650788  ],2.0,0.98979205,0.04790019989013672
63,[0.28191084 0.54599625 0.50990075 0.80724543],2.0,0.93111765,0.04790019989013672
63,[0.64802563 0.33842638 0.736074   0.5176528 ],2.0,0.9197472,0.04790019989013672
63,[0.3296593  0.4112438  0.49983898 0.63754416],2.0,0.9145825,0.04790019989013672
63,[0.55784446 0.41393876 0.6208256  0.56782436],3.0,0.9048782,0.04790019989013672
63,[0.6684313  0.35672545 0.8111954  0.53379023],2.0,0.88356864,0.04790019989013672
63,[0.5548928  0.34511727 0.61717796 0.5532646 ],0.0,0.8592165,0.04790019989013672
63,[0.85271263 0.32466075 0.92770886 0.47820172],5.0,0.85241085,0.04790019989013672
63,[0.77014345 0.35222495 0.83424956 0.4838742 ],2.0,0.83766145,0.04790019989013672
63,[0.3053768  0.37777734 0.35005453 0.48068786],2.0,0.7838806,0.04790019989013672
63,[0.00147555 0.49350446 0.10145939 0.8541377 ],2.0,0.64463365,0.04790019989013672
63,[0.54152983 0.14264068 0.5715317  0.18830594],9.0,0.630335,0.04790019989013672
64,[0.6248938  0.49066067 0.84449804 0.8250121 ],2.0,0.99834883,0.048622846603393555
64,[0.20602837 0.36964756 0.32627115 0.54104203],2.0,0.9942693,0.048622846603393555
64,[0.05336122 0.40213633 0.25709474 0.65012443],2.0,0.99080414,0.048622846603393555
64,[0.279608   0.54490274 0.50970244 0.8079092 ],2.0,0.9377596,0.048622846603393555
64,[0.55760574 0.41218674 0.6214851  0.5689699 ],3.0,0.9267211,0.048622846603393555
64,[0.6479941  0.33826506 0.73634917 0.5176625 ],2.0,0.9127041,0.048622846603393555
64,[0.33071613 0.41244125 0.4992836  0.63800764],2.0,0.9033942,0.048622846603393555
64,[0.6687507  0.35662004 0.81165296 0.5336992 ],2.0,0.8929319,0.048622846603393555
64,[0.8530312  0.32417318 0.92759305 0.47935966],5.0,0.8785941,0.048622846603393555
64,[0.76977867 0.3524356  0.8335369  0.48357666],2.0,0.8050872,0.048622846603393555
64,[0.55540264 0.3454354  0.6171378  0.5526331 ],0.0,0.803059,0.048622846603393555
64,[0.30565315 0.37777862 0.35039043 0.4805644 ],2.0,0.79544336,0.048622846603393555
64,[0.00186278 0.49046648 0.10203275 0.85831547],2.0,0.68696094,0.048622846603393555
64,[0.6160003  0.34970096 0.66141057 0.50202227],2.0,0.6299214,0.048622846603393555
64,[0.54132235 0.1426268  0.5718646  0.1884133 ],9.0,0.6120464,0.048622846603393555
65,[0.6242506  0.49023575 0.84129435 0.81984943],2.0,0.9984445,0.04830670356750488
65,[0.20677368 0.36835983 0.32698464 0.5411471 ],2.0,0.9948919,0.04830670356750488
65,[0.05311394 0.40038115 0.258197   0.6455465 ],2.0,0.99211645,0.04830670356750488
65,[0.2787404  0.54627985 0.50723654 0.8014136 ],2.0,0.9678712,0.04830670356750488
65,[0.55699486 0.41301712 0.62128717 0.56748986],3.0,0.9225012,0.04830670356750488
65,[0.84568775 0.311681   0.93328    0.48976997],5.0,0.91298044,0.04830670356750488
65,[0.3282921  0.40734535 0.50195694 0.6433752 ],2.0,0.85260504,0.04830670356750488
65,[0.6711251  0.3480335  0.80700797 0.5138065 ],2.0,0.8458336,0.04830670356750488
65,[0.6484827  0.33885518 0.73809874 0.51571923],2.0,0.8370238,0.04830670356750488
65,[0.30536988 0.37623584 0.35192266 0.48259163],2.0,0.8317205,0.04830670356750488
65,[0.76799774 0.35555688 0.8337413  0.48275492],2.0,0.7636729,0.04830670356750488
65,[0.61635107 0.35254776 0.6620043  0.4982648 ],2.0,0.7070929,0.04830670356750488
65,[0.5543658  0.34723777 0.6186071  0.5521054 ],0.0,0.64857846,0.04830670356750488
65,[0.00148344 0.49139452 0.09928781 0.8544003 ],2.0,0.6306611,0.04830670356750488
65,[0.32628682 0.3120056  0.5069921  0.5865562 ],2.0,0.6235399,0.04830670356750488
66,[0.61450136 0.48167944 0.83670914 0.81185234],2.0,0.9977801,0.05512094497680664
66,[0.20626208 0.36807323 0.32326505 0.5386452 ],2.0,0.99468917,0.05512094497680664
66,[0.05146064 0.39624834 0.25178397 0.6450136 ],2.0,0.9918942,0.05512094497680664
66,[0.21711655 0.52668315 0.51287395 0.8075705 ],2.0,0.9675686,0.05512094497680664
66,[0.61212134 0.3567214  0.6609589  0.48759902],2.0,0.89812344,0.05512094497680664
66,[0.6695422  0.36416844 0.8029733  0.49678066],2.0,0.890369,0.05512094497680664
66,[0.32183653 0.39735    0.50878227 0.6490564 ],2.0,0.8889906,0.05512094497680664
66,[0.7635267  0.35502067 0.8310294  0.48739955],2.0,0.88527316,0.05512094497680664
66,[0.8457849 0.3264127 0.9246445 0.4776841],5.0,0.8642122,0.05512094497680664
66,[0.55248225 0.4072008  0.61612844 0.56576985],3.0,0.8634126,0.05512094497680664
66,[0.30394328 0.37068784 0.347749   0.48351365],2.0,0.8232386,0.05512094497680664
66,[0.6470343  0.33861324 0.7420472  0.5101709 ],2.0,0.6793735,0.05512094497680664
66,[0.55067325 0.34453985 0.61382496 0.5575184 ],0.0,0.6318983,0.05512094497680664
66,[0.32471105 0.31549144 0.5041559  0.58541834],2.0,0.6265644,0.05512094497680664
66,[0.53773737 0.14221823 0.5692394  0.1868237 ],9.0,0.61650157,0.05512094497680664
67,[0.60390174 0.4770574  0.8340875  0.80471104],2.0,0.99695635,0.04662132263183594
67,[0.20265783 0.3665594  0.3203761  0.53717613],2.0,0.9935233,0.04662132263183594
67,[0.05090915 0.39634278 0.24878843 0.64019316],2.0,0.99163616,0.04662132263183594
67,[0.22878662 0.5188077  0.5005331  0.81243366],2.0,0.987415,0.04662132263183594
67,[0.54625386 0.41504005 0.6130031  0.5622423 ],3.0,0.9095494,0.04662132263183594
67,[0.8418488 0.323428  0.9200433 0.4769297],5.0,0.90457106,0.04662132263183594
67,[0.30976927 0.33311713 0.5076914  0.7012305 ],2.0,0.8885119,0.04662132263183594
67,[0.6645952  0.36203116 0.7985608  0.49252713],2.0,0.87309426,0.04662132263183594
67,[0.7642468  0.3527635  0.82508254 0.48363248],2.0,0.84813994,0.04662132263183594
67,[0.5429226 0.3443733 0.6045561 0.4987483],0.0,0.8197798,0.04662132263183594
67,[0.61042815 0.35285598 0.656828   0.48903918],2.0,0.7943461,0.04662132263183594
67,[0.30050242 0.36941683 0.34343958 0.47803503],2.0,0.7924169,0.04662132263183594
67,[0.64527863 0.33840072 0.75471336 0.5064852 ],2.0,0.7231462,0.04662132263183594
67,[0.47284946 0.35631442 0.5185859  0.48896587],0.0,0.6281925,0.04662132263183594
68,[0.5973309  0.47002262 0.8260418  0.8002643 ],2.0,0.99647564,0.04805779457092285
68,[0.19630004 0.36254495 0.3153942  0.5306048 ],2.0,0.99374694,0.04805779457092285
68,[0.04956989 0.39136848 0.24401428 0.63726574],2.0,0.99020314,0.04805779457092285
68,[0.225142   0.5106651  0.49840605 0.7980905 ],2.0,0.9836398,0.04805779457092285
68,[0.8382266 0.318739  0.918058  0.4780578],5.0,0.918505,0.04805779457092285
68,[0.54229707 0.41119918 0.6091425  0.5548952 ],3.0,0.9000092,0.04805779457092285
68,[0.3062374  0.39453363 0.49728388 0.64410865],2.0,0.8758911,0.04805779457092285
68,[0.5410836 0.3382229 0.6009815 0.5031704],0.0,0.84905654,0.04805779457092285
68,[0.64467376 0.3578905  0.7750862  0.48352796],2.0,0.8433064,0.04805779457092285
68,[0.76090944 0.34951583 0.8206072  0.48254982],2.0,0.839142,0.04805779457092285
68,[0.6057     0.3516149  0.65642726 0.48580915],2.0,0.80277455,0.04805779457092285
68,[0.633459   0.33569682 0.7891432  0.51472783],2.0,0.71207327,0.04805779457092285
68,[0.4675899  0.35288292 0.51584053 0.48779303],0.0,0.6880854,0.04805779457092285
68,[0.53489035 0.34739602 0.61457366 0.55438554],3.0,0.67026603,0.04805779457092285
68,[0.52784497 0.13858187 0.55764145 0.17857605],9.0,0.6647939,0.04805779457092285
69,[0.5985341  0.46980602 0.8269875  0.80072063],2.0,0.9963205,0.046538591384887695
69,[0.19626424 0.36249954 0.31547794 0.5305252 ],2.0,0.99437624,0.046538591384887695
69,[0.049652   0.39106318 0.24383973 0.6373038 ],2.0,0.9904152,0.046538591384887695
69,[0.22527155 0.50898653 0.4994013  0.7976909 ],2.0,0.98339266,0.046538591384887695
69,[0.8380054  0.31849054 0.9179652  0.4779298 ],5.0,0.9107237,0.046538591384887695
69,[0.5420536 0.4109373 0.6095221 0.5546557],3.0,0.8970586,0.046538591384887695
69,[0.30592886 0.39477333 0.49822512 0.6435441 ],2.0,0.8669634,0.046538591384887695
69,[0.5408125  0.33742034 0.6015811  0.50273865],0.0,0.8397492,0.046538591384887695
69,[0.7623189  0.34972146 0.82031924 0.48286453],2.0,0.8151426,0.046538591384887695
69,[0.644849   0.35818905 0.7754639  0.48336053],2.0,0.81000096,0.046538591384887695
69,[0.60524833 0.3520074  0.6568911  0.4857853 ],2.0,0.79452693,0.046538591384887695
69,[0.63271815 0.33609337 0.7888332  0.5149686 ],2.0,0.75294733,0.046538591384887695
69,[0.46775737 0.35248172 0.5160134  0.4882455 ],0.0,0.7105142,0.046538591384887695
69,[0.52798504 0.13851275 0.55765134 0.17859425],9.0,0.68630785,0.046538591384887695
69,[0.5347792  0.34753364 0.61476564 0.55439466],3.0,0.6628319,0.046538591384887695
70,[0.6074641  0.47971442 0.80855477 0.75487185],2.0,0.99565816,0.05409502983093262
70,[0.04425699 0.38956672 0.24217519 0.63477796],2.0,0.9925012,0.05409502983093262
70,[0.19228415 0.35912147 0.3131746  0.52873015],2.0,0.9909222,0.05409502983093262
70,[0.22057892 0.4989462  0.48924446 0.80048406],2.0,0.974182,0.05409502983093262
70,[0.30706415 0.3425862  0.49021778 0.6097927 ],2.0,0.91301197,0.05409502983093262
70,[0.5404236  0.40552336 0.60205585 0.5514195 ],3.0,0.89607185,0.05409502983093262
70,[0.64797795 0.33561134 0.7776489  0.51584953],2.0,0.8893234,0.05409502983093262
70,[0.827604  0.321927  0.9094197 0.4782359],5.0,0.8858125,0.05409502983093262
70,[0.7617671  0.3489859  0.81521195 0.48040742],2.0,0.77294123,0.05409502983093262
70,[0.54630893 0.33497703 0.59974414 0.5032159 ],0.0,0.6842907,0.05409502983093262
70,[0.53246313 0.33991668 0.6078157  0.55906534],3.0,0.655909,0.05409502983093262
70,[0.31467506 0.3157588  0.4776794  0.5211791 ],2.0,0.6082222,0.05409502983093262
70,[0.608849   0.34998608 0.6561213  0.48335075],2.0,0.6033644,0.05409502983093262
71,[0.03801382 0.36916882 0.2390444  0.6059134 ],2.0,0.9958635,0.04840493202209473
71,[0.59334004 0.4638065  0.7942668  0.7498205 ],2.0,0.9929431,0.04840493202209473
71,[0.18654978 0.3597098  0.29866263 0.5214939 ],2.0,0.9864594,0.04840493202209473
71,[0.2199699  0.5159996  0.46635476 0.76565176],2.0,0.9835132,0.04840493202209473
71,[0.29670373 0.40100518 0.48850474 0.6381044 ],2.0,0.96690726,0.04840493202209473
71,[0.524697   0.32642952 0.584102   0.5188057 ],0.0,0.923379,0.04840493202209473
71,[0.5254967  0.37800583 0.5868356  0.5379163 ],3.0,0.8637534,0.04840493202209473
71,[0.63609123 0.32934156 0.778263   0.5154058 ],2.0,0.8508954,0.04840493202209473
71,[0.7440447  0.33781788 0.80242854 0.4614571 ],2.0,0.7798361,0.04840493202209473
71,[0.58774525 0.34247994 0.6404435  0.4558395 ],2.0,0.7081261,0.04840493202209473
71,[0.5106025  0.12730296 0.5405526  0.17191364],9.0,0.6836985,0.04840493202209473
71,[0.8168911  0.31714973 0.8977406  0.46481606],5.0,0.6781293,0.04840493202209473
72,[0.03866903 0.3531411  0.23189944 0.5987439 ],2.0,0.9954767,0.046753644943237305
72,[0.18588462 0.34006584 0.29638544 0.50175935],2.0,0.9945483,0.046753644943237305
72,[0.57173634 0.4177503  0.7910439  0.7657853 ],2.0,0.9927767,0.046753644943237305
72,[0.21499716 0.49192038 0.46819466 0.7320291 ],2.0,0.9877619,0.046753644943237305
72,[0.29610765 0.34899068 0.48327398 0.6120173 ],2.0,0.9676784,0.046753644943237305
72,[0.52248144 0.38727006 0.5828191  0.5271395 ],3.0,0.884687,0.046753644943237305
72,[0.52077   0.3193039 0.5806144 0.5172824],0.0,0.84124774,0.046753644943237305
72,[0.58606976 0.33669972 0.636275   0.45893896],2.0,0.83520424,0.046753644943237305
72,[0.26787394 0.5991405  0.36761576 0.7621958 ],0.0,0.79010564,0.046753644943237305
72,[0.63011956 0.32602283 0.78079474 0.51709867],2.0,0.78311217,0.046753644943237305
72,[0.8559273 0.6726749 1.        0.9905057],2.0,0.76189876,0.046753644943237305
72,[0.7389731  0.3327972  0.79965836 0.4577771 ],2.0,0.7611904,0.046753644943237305
72,[0.81093115 0.3111491  0.89594775 0.45387128],5.0,0.6550169,0.046753644943237305
73,[0.18543953 0.33322835 0.2961023  0.49048424],2.0,0.99550414,0.0483241081237793
73,[0.03290799 0.34444958 0.23428813 0.5868952 ],2.0,0.9937325,0.0483241081237793
73,[0.5751617  0.42029655 0.78552055 0.7491908 ],2.0,0.9918403,0.0483241081237793
73,[0.22600731 0.47595894 0.4561577  0.72054636],2.0,0.9881328,0.0483241081237793
73,[0.2996621  0.35774356 0.48335677 0.60766274],2.0,0.98714274,0.0483241081237793
73,[0.58039516 0.32854447 0.6387014  0.45477286],2.0,0.9520224,0.0483241081237793
73,[0.52121824 0.3801237  0.57944876 0.5170975 ],3.0,0.8609574,0.0483241081237793
73,[0.63373816 0.30487156 0.77242863 0.47893405],2.0,0.854412,0.0483241081237793
73,[0.51692986 0.30583158 0.57598746 0.48087832],0.0,0.8347528,0.0483241081237793
73,[0.26458395 0.5765017  0.36747515 0.76226413],0.0,0.80667746,0.0483241081237793
73,[0.7406457  0.32034236 0.7963888  0.45048583],2.0,0.7811133,0.0483241081237793
73,[0.80930096 0.29044694 0.8902313  0.44895113],5.0,0.68421245,0.0483241081237793
74,[0.18531737 0.33315778 0.29618296 0.49050385],2.0,0.9951338,0.04854583740234375
74,[0.57525814 0.4196995  0.78544974 0.7493289 ],2.0,0.9942889,0.04854583740234375
74,[0.03330867 0.34461334 0.23365094 0.5870858 ],2.0,0.99323916,0.04854583740234375
74,[0.22636732 0.47546464 0.4558008  0.7210384 ],2.0,0.98778474,0.04854583740234375
74,[0.30035526 0.358204   0.48354644 0.60744935],2.0,0.98591256,0.04854583740234375
74,[0.5808441  0.32867262 0.6384725  0.4552262 ],2.0,0.9541614,0.04854583740234375
74,[0.5210465  0.37958154 0.5798116  0.5173991 ],3.0,0.8650613,0.04854583740234375
74,[0.6334289  0.30512407 0.7720031  0.47743192],2.0,0.8459203,0.04854583740234375
74,[0.7394315  0.32059863 0.7959987  0.45017323],2.0,0.8244115,0.04854583740234375
74,[0.5162874  0.3062673  0.5746257  0.47906414],0.0,0.8148133,0.04854583740234375
74,[0.26467973 0.5757411  0.36783683 0.7626495 ],0.0,0.73861545,0.04854583740234375
74,[0.80923325 0.29052597 0.89010054 0.44875723],5.0,0.6857537,0.04854583740234375
75,[0.58488584 0.4182536  0.78250027 0.7310892 ],2.0,0.9953404,0.048387765884399414
75,[0.0376948  0.33949822 0.23364876 0.5801716 ],2.0,0.9946038,0.048387765884399414
75,[0.19670798 0.46993476 0.47141272 0.7478469 ],2.0,0.9923028,0.048387765884399414
75,[0.18365341 0.32962552 0.29508817 0.4671708 ],2.0,0.9891724,0.048387765884399414
75,[0.2978932  0.3563202  0.48323593 0.592638  ],2.0,0.9867798,0.048387765884399414
75,[0.5784424 0.3183246 0.6380599 0.4503781],2.0,0.93790597,0.048387765884399414
75,[0.5154885  0.2947187  0.5762931  0.48990855],0.0,0.8958907,0.048387765884399414
75,[0.7365569  0.31499204 0.79631186 0.44845787],2.0,0.89079815,0.048387765884399414
75,[0.51825964 0.33889693 0.5780883  0.51133937],3.0,0.8653551,0.048387765884399414
75,[0.63339317 0.3240766  0.7639018  0.44081104],2.0,0.8210047,0.048387765884399414
75,[0.8051594  0.2758263  0.8935217  0.45012835],7.0,0.60432863,0.048387765884399414
76,[0.57768106 0.41319788 0.7803277  0.6965755 ],2.0,0.9963609,0.04681563377380371
76,[0.04202558 0.33354533 0.23059817 0.57639676],2.0,0.9940553,0.04681563377380371
76,[0.18843906 0.315942   0.2945839  0.47663116],2.0,0.98989743,0.04681563377380371
76,[0.20146197 0.45700288 0.47432894 0.74887085],2.0,0.9864835,0.04681563377380371
76,[0.3041341 0.331603  0.4806458 0.5884208],2.0,0.97873306,0.04681563377380371
76,[0.2434154  0.5468163  0.35451597 0.737379  ],0.0,0.9400964,0.04681563377380371
76,[0.73904765 0.30435348 0.7968588  0.43377286],2.0,0.9114043,0.04681563377380371
76,[0.57681924 0.3132086  0.6359382  0.44938472],2.0,0.9078331,0.04681563377380371
76,[0.6325019  0.30014563 0.7626106  0.43163508],2.0,0.8916041,0.04681563377380371
76,[0.51718575 0.3490496  0.57760173 0.5026647 ],3.0,0.85171306,0.04681563377380371
76,[0.5142716  0.2902785  0.5749147  0.48819393],0.0,0.84442574,0.04681563377380371
76,[0.83565664 0.62632877 1.         0.9789304 ],2.0,0.68466884,0.04681563377380371
76,[0.45422667 0.2962406  0.500571   0.43919298],0.0,0.61427903,0.04681563377380371
77,[0.57381207 0.4074027  0.77654725 0.69643706],2.0,0.99833447,0.04903292655944824
77,[0.18811098 0.31574723 0.29297665 0.45231947],2.0,0.99628454,0.04903292655944824
77,[0.19678944 0.44258088 0.47350806 0.7439224 ],2.0,0.98983485,0.04903292655944824
77,[0.04434314 0.3292008  0.23170772 0.56661123],2.0,0.98788315,0.04903292655944824
77,[0.2948124  0.34671324 0.48386982 0.5755552 ],2.0,0.9836375,0.04903292655944824
77,[0.5770145  0.3076527  0.63463145 0.4341777 ],2.0,0.94533134,0.04903292655944824
77,[0.7396785  0.30231243 0.7965468  0.4284699 ],2.0,0.9382036,0.04903292655944824
77,[0.23984176 0.53871906 0.34841174 0.7318189 ],0.0,0.9292242,0.04903292655944824
77,[0.515374   0.35612118 0.5754302  0.4958669 ],3.0,0.9116027,0.04903292655944824
77,[0.62468755 0.29720932 0.7627194  0.4245851 ],2.0,0.8662802,0.04903292655944824
77,[0.81030285 0.64156353 0.99232364 0.99998295],2.0,0.657707,0.04903292655944824
77,[0.8045962  0.27535462 0.88824975 0.42650068],5.0,0.6497633,0.04903292655944824
77,[0.5154469  0.29140913 0.5717194  0.43365294],0.0,0.64444155,0.04903292655944824
77,[0.4519329  0.2840181  0.5016827  0.44329214],0.0,0.62352043,0.04903292655944824
78,[0.57531065 0.39791876 0.775626   0.6862188 ],2.0,0.9977738,0.04601287841796875
78,[0.1880852  0.30847684 0.28990453 0.44760916],2.0,0.99484766,0.04601287841796875
78,[0.03709974 0.30622765 0.2325423  0.55113673],2.0,0.9926807,0.04601287841796875
78,[0.18886098 0.43251503 0.4677582  0.73323035],2.0,0.991661,0.04601287841796875
78,[0.29758033 0.34095475 0.47546253 0.56711864],2.0,0.9800663,0.04601287841796875
78,[0.734843   0.29828793 0.7937002  0.42358106],2.0,0.9501377,0.04601287841796875
78,[0.57586163 0.29837337 0.6347757  0.4336538 ],2.0,0.93800527,0.04601287841796875
78,[0.23521614 0.5212247  0.33919698 0.7124601 ],0.0,0.88395506,0.04601287841796875
78,[0.51556873 0.35112667 0.5736916  0.48391414],3.0,0.8671182,0.04601287841796875
78,[0.8072146  0.6031238  0.98937964 0.9886023 ],2.0,0.8412599,0.04601287841796875
78,[0.5153544  0.27561024 0.5733154  0.4481074 ],0.0,0.82367957,0.04601287841796875
78,[0.62754035 0.2764134  0.7615477  0.4419631 ],2.0,0.68904924,0.04601287841796875
78,[0.50189584 0.08177342 0.5223245  0.11834741],9.0,0.68308026,0.04601287841796875
78,[0.809531   0.26024058 0.88500416 0.41592267],5.0,0.6293978,0.04601287841796875
78,[0.4573533  0.27900288 0.49902505 0.43402478],0.0,0.6182035,0.04601287841796875
79,[0.573403   0.3990418  0.77555645 0.6830119 ],2.0,0.99746555,0.04781508445739746
79,[0.18749774 0.30870026 0.28979167 0.44759643],2.0,0.99410886,0.04781508445739746
79,[0.04717415 0.3145751  0.21811774 0.5500224 ],2.0,0.9924769,0.04781508445739746
79,[0.18708843 0.43407756 0.46976352 0.7330205 ],2.0,0.99185824,0.04781508445739746
79,[0.29756975 0.34071845 0.4738887  0.5669197 ],2.0,0.97899795,0.04781508445739746
79,[0.7347952  0.29816338 0.79406726 0.42384496],2.0,0.95285994,0.04781508445739746
79,[0.5759264  0.29836282 0.6355345  0.4328132 ],2.0,0.94148463,0.04781508445739746
79,[0.5143206  0.35258588 0.5736642  0.48335895],3.0,0.9167105,0.04781508445739746
79,[0.23551077 0.5214159  0.33955324 0.71336216],0.0,0.9136104,0.04781508445739746
79,[0.80677545 0.60558546 0.98937476 0.9865471 ],2.0,0.8454023,0.04781508445739746
79,[0.5151288  0.2775925  0.5737794  0.44525084],0.0,0.83306575,0.04781508445739746
79,[0.6302078  0.27604616 0.7595664  0.4397387 ],2.0,0.6949069,0.04781508445739746
79,[0.50192535 0.08166228 0.5224825  0.11834569],9.0,0.6819065,0.04781508445739746
80,[0.569931  0.3940376 0.7704039 0.6714407],2.0,0.9976402,0.0585935115814209
80,[0.03362402 0.30483288 0.23289606 0.5464711 ],2.0,0.99508727,0.0585935115814209
80,[0.180892   0.29968685 0.28956982 0.44048578],2.0,0.99423224,0.0585935115814209
80,[0.18955594 0.42913926 0.46461284 0.7340487 ],2.0,0.9868006,0.0585935115814209
80,[0.3008217  0.30335438 0.4739538  0.553206  ],2.0,0.97282845,0.0585935115814209
80,[0.73027986 0.2957517  0.79201514 0.42016292],2.0,0.9569389,0.0585935115814209
80,[0.5721198  0.2983769  0.63161665 0.4305077 ],2.0,0.9309371,0.0585935115814209
80,[0.51158696 0.3119257  0.57254833 0.47480255],3.0,0.9182189,0.0585935115814209
80,[0.7986859 0.5960994 0.9910345 0.9786453],2.0,0.8965429,0.0585935115814209
80,[0.51072985 0.27443904 0.57129914 0.4470467 ],0.0,0.82719296,0.0585935115814209
80,[0.23476678 0.5109603  0.33378947 0.7072317 ],0.0,0.81500524,0.0585935115814209
80,[0.288081   0.24509966 0.43999732 0.41328615],2.0,0.726994,0.0585935115814209
80,[0.61103445 0.2703247  0.74917597 0.45080328],2.0,0.6834945,0.0585935115814209
80,[0.80039424 0.25971857 0.8796068  0.41646805],7.0,0.66027194,0.0585935115814209
80,[0.49647838 0.07745061 0.5259641  0.11995643],9.0,0.6246983,0.0585935115814209
81,[0.5630094  0.39085358 0.76158595 0.664452  ],2.0,0.9974189,0.048633575439453125
81,[0.1750334  0.303214   0.2793199  0.43470895],2.0,0.996129,0.048633575439453125
81,[0.77474284 0.60863334 0.9985994  0.848697  ],2.0,0.99477905,0.048633575439453125
81,[0.03544948 0.3140617  0.20488742 0.54418004],2.0,0.9902347,0.048633575439453125
81,[0.19488822 0.42866185 0.45597404 0.7328594 ],2.0,0.98917264,0.048633575439453125
81,[0.29022482 0.32529342 0.47355232 0.5670078 ],2.0,0.9822536,0.048633575439453125
81,[0.57036096 0.29613104 0.6222574  0.4305022 ],2.0,0.9344915,0.048633575439453125
81,[0.71927035 0.29671147 0.7736603  0.42605147],2.0,0.9308958,0.048633575439453125
81,[0.21904069 0.5024359  0.3175593  0.7177615 ],0.0,0.91638964,0.048633575439453125
81,[0.49946186 0.34902975 0.5525883  0.4802449 ],3.0,0.83662957,0.048633575439453125
81,[0.49807617 0.2772191  0.54809314 0.45120987],0.0,0.83544743,0.048633575439453125
81,[0.6069283  0.27267984 0.74314004 0.45426032],2.0,0.8088538,0.048633575439453125
81,[0.7906649  0.2614343  0.86732376 0.41780683],5.0,0.6081836,0.048633575439453125
82,[0.5588471  0.39170426 0.7605954  0.6581958 ],2.0,0.99732184,0.047173500061035156
82,[0.16897903 0.30291808 0.2769475  0.43637872],2.0,0.9942398,0.047173500061035156
82,[0.03321397 0.31356466 0.20114774 0.54333216],2.0,0.9936425,0.047173500061035156
82,[0.16780487 0.41684848 0.43831047 0.73043793],2.0,0.98576176,0.047173500061035156
82,[0.28014338 0.3049444  0.45601976 0.54741406],2.0,0.971898,0.047173500061035156
82,[0.77448773 0.5960981  0.9976342  0.84722644],2.0,0.96852034,0.047173500061035156
82,[0.7148401  0.29490757 0.77095443 0.426333  ],2.0,0.9437768,0.047173500061035156
82,[0.49636248 0.35342085 0.5488545  0.48194867],3.0,0.9332585,0.047173500061035156
82,[0.49315077 0.277968   0.5450658  0.45045   ],0.0,0.93018204,0.047173500061035156
82,[0.5615369  0.29889756 0.6116693  0.42961276],2.0,0.9192029,0.047173500061035156
82,[0.21471825 0.4969165  0.3119631  0.72222173],0.0,0.81623966,0.047173500061035156
82,[0.60260975 0.27292654 0.73713934 0.45232627],2.0,0.6829437,0.047173500061035156
82,[0.78756917 0.26546508 0.8649316  0.41097438],7.0,0.658983,0.047173500061035156
83,[0.5580198  0.3884797  0.75456196 0.6560484 ],2.0,0.99367917,0.05309009552001953
83,[0.16742815 0.3018194  0.2757349  0.43990293],2.0,0.9929068,0.05309009552001953
83,[0.2796828  0.3048006  0.45565066 0.5472392 ],2.0,0.98695236,0.05309009552001953
83,[0.03001752 0.31449407 0.19781327 0.5424632 ],2.0,0.9853329,0.05309009552001953
83,[0.16509014 0.4084018  0.43307877 0.73706   ],2.0,0.9746473,0.05309009552001953
83,[0.712585   0.29662496 0.7699381  0.42546052],2.0,0.9678015,0.05309009552001953
83,[0.738948   0.5577825  0.99666655 0.88569635],2.0,0.9618618,0.05309009552001953
83,[0.20624064 0.49424022 0.30664697 0.7217842 ],0.0,0.9208193,0.05309009552001953
83,[0.48927778 0.2778269  0.5422475  0.4482751 ],0.0,0.89991057,0.05309009552001953
83,[0.49268845 0.35039055 0.54835516 0.47971958],3.0,0.89684427,0.05309009552001953
83,[0.5585083  0.29996887 0.608744   0.4274319 ],2.0,0.8910208,0.05309009552001953
83,[0.5975134  0.2735114  0.73724085 0.44912684],2.0,0.7906307,0.05309009552001953
83,[0.43388975 0.28164104 0.4828666  0.43152776],0.0,0.61455566,0.05309009552001953
84,[0.55794084 0.3857903  0.7530395  0.65579873],2.0,0.99421906,0.04823589324951172
84,[0.1687198  0.30691162 0.27461624 0.4492943 ],2.0,0.9922177,0.04823589324951172
84,[0.0300094  0.31506875 0.19695026 0.54128903],2.0,0.9862544,0.04823589324951172
84,[0.28008914 0.30594048 0.4562093  0.5476066 ],2.0,0.98265076,0.04823589324951172
84,[0.1621474  0.40822452 0.43580872 0.73637384],2.0,0.97872967,0.04823589324951172
84,[0.7681756  0.60045785 0.99737823 0.84819824],2.0,0.9618588,0.04823589324951172
84,[0.7111824  0.29444975 0.76867634 0.42684174],2.0,0.95981675,0.04823589324951172
84,[0.48906565 0.27808645 0.5423398  0.44688687],0.0,0.9248544,0.04823589324951172
84,[0.4926197  0.35202014 0.54831153 0.47947448],3.0,0.9093845,0.04823589324951172
84,[0.5594745  0.3009046  0.6082315  0.42566058],2.0,0.9013467,0.04823589324951172
84,[0.2065565  0.48990288 0.3083281  0.72636634],0.0,0.77926195,0.04823589324951172
84,[0.60058326 0.2743108  0.734858   0.4482902 ],2.0,0.73176706,0.04823589324951172
84,[0.4324844  0.27833486 0.48438334 0.43191254],0.0,0.6567854,0.04823589324951172
84,[0.47914955 0.07953735 0.5095665  0.12497131],9.0,0.65079,0.04823589324951172
84,[0.73591316 0.57108426 0.9972551  0.95843804],2.0,0.6096889,0.04823589324951172
84,[0.52753264 0.27921614 0.5526672  0.35960844],0.0,0.6019244,0.04823589324951172
85,[0.5527485  0.3829909  0.7471463  0.65622383],2.0,0.9961002,0.04816603660583496
85,[0.7360073 0.5631527 1.        0.8819438],2.0,0.99390763,0.04816603660583496
85,[0.1605274  0.29925686 0.27260017 0.46309572],2.0,0.9909796,0.04816603660583496
85,[0.27957994 0.3085882  0.45055264 0.54561275],2.0,0.9893993,0.04816603660583496
85,[0.02568442 0.31609616 0.1917231  0.54002166],2.0,0.9753974,0.04816603660583496
85,[0.17073923 0.403184   0.42624182 0.743136  ],2.0,0.95664483,0.04816603660583496
85,[0.7064068  0.2984017  0.7664874  0.42395616],2.0,0.9275303,0.04816603660583496
85,[0.4866224  0.34939516 0.5449117  0.47993457],3.0,0.90625256,0.04816603660583496
85,[0.5505252  0.30238533 0.60550463 0.42807853],2.0,0.8610598,0.04816603660583496
85,[0.48424253 0.28264087 0.53738505 0.44146055],0.0,0.86091053,0.04816603660583496
85,[0.27141646 0.26923737 0.40504292 0.3893771 ],2.0,0.80881023,0.04816603660583496
85,[0.7741654  0.27519345 0.8584517  0.421588  ],5.0,0.789164,0.04816603660583496
85,[0.43424267 0.28233147 0.47739708 0.4334209 ],0.0,0.73871917,0.04816603660583496
85,[0.5964469  0.27732903 0.73180604 0.4490348 ],2.0,0.7033684,0.04816603660583496
86,[0.5363824  0.38032407 0.73351234 0.6617114 ],2.0,0.99805576,0.051023244857788086
86,[0.71975124 0.5576267  1.         0.8711231 ],2.0,0.99702716,0.051023244857788086
86,[0.27359113 0.30834594 0.44570926 0.54739785],2.0,0.9943886,0.051023244857788086
86,[0.15739904 0.31004786 0.2570212  0.44767058],2.0,0.99299973,0.051023244857788086
86,[0.01885135 0.3171716  0.18512917 0.5403286 ],2.0,0.9904781,0.051023244857788086
86,[0.15685661 0.4041162  0.4156472  0.73976094],2.0,0.9743871,0.051023244857788086
86,[0.47858477 0.35038206 0.53374827 0.48029593],3.0,0.94906735,0.051023244857788086
86,[0.69784075 0.30469888 0.7573994  0.41983485],2.0,0.9398341,0.051023244857788086
86,[0.53640515 0.30451944 0.5968239  0.45507547],2.0,0.91540354,0.051023244857788086
86,[0.26582927 0.2661351  0.39393252 0.39112145],2.0,0.8420831,0.051023244857788086
86,[0.46422622 0.07992958 0.4945456  0.12515567],9.0,0.7783782,0.051023244857788086
86,[0.48214015 0.285815   0.53566337 0.43405527],0.0,0.7739835,0.051023244857788086
86,[0.57899445 0.27535668 0.7202037  0.45500746],2.0,0.76774323,0.051023244857788086
86,[0.47017434 0.28756326 0.5190175  0.43533194],0.0,0.7409224,0.051023244857788086
86,[0.42689434 0.29055172 0.46880564 0.4276021 ],0.0,0.6989402,0.051023244857788086
86,[0.1802849  0.4898492  0.28544694 0.85531735],0.0,0.68451405,0.051023244857788086
87,[0.714936  0.5516715 1.        0.8800098],2.0,0.9985939,0.04928278923034668
87,[0.5445645  0.3808605  0.7191875  0.64995867],2.0,0.9966408,0.04928278923034668
87,[0.27173206 0.30609453 0.4415556  0.54525757],2.0,0.99426097,0.04928278923034668
87,[0.01402128 0.3163336  0.18525141 0.5447776 ],2.0,0.9934089,0.04928278923034668
87,[0.15249962 0.30452943 0.26199237 0.4605288 ],2.0,0.98865104,0.04928278923034668
87,[0.1638979  0.391925   0.41000947 0.7111143 ],2.0,0.96999335,0.04928278923034668
87,[0.5392548 0.3026813 0.5952364 0.4363881],2.0,0.9514371,0.04928278923034668
87,[0.25955212 0.26766238 0.38922608 0.39199343],2.0,0.9243042,0.04928278923034668
87,[0.46977797 0.34798965 0.5219332  0.48388878],3.0,0.91368884,0.04928278923034668
87,[0.46976677 0.28750184 0.51645666 0.4418243 ],0.0,0.9068638,0.04928278923034668
87,[0.6997026  0.30273262 0.7532973  0.42093745],2.0,0.8773218,0.04928278923034668
87,[0.578722   0.274911   0.71835184 0.45723093],2.0,0.8723596,0.04928278923034668
87,[0.42451558 0.29013896 0.46721897 0.42451137],0.0,0.72695154,0.04928278923034668
87,[0.17530242 0.49061257 0.28201523 0.8516062 ],0.0,0.71802324,0.04928278923034668
87,[0.46027163 0.08168458 0.4916235  0.12537555],9.0,0.68165356,0.04928278923034668
87,[0.425217   0.33332783 0.4699498  0.4340579 ],3.0,0.66220266,0.04928278923034668
87,[0.46164256 0.08613837 0.48330593 0.119692  ],9.0,0.6476542,0.04928278923034668
88,[0.6955048  0.54254186 0.997038   0.8803537 ],2.0,0.998354,0.04699897766113281
88,[0.26923075 0.30563033 0.43831393 0.5462697 ],2.0,0.9945578,0.04699897766113281
88,[0.01184338 0.31442308 0.1829547  0.54677725],2.0,0.9941172,0.04699897766113281
88,[0.1483442  0.3107257  0.25594354 0.44752216],2.0,0.99285364,0.04699897766113281
88,[0.18675917 0.4045233  0.3961848  0.6882085 ],2.0,0.9886035,0.04699897766113281
88,[0.52221596 0.3747189  0.7203151  0.6559931 ],2.0,0.98836964,0.04699897766113281
88,[0.25272155 0.27062407 0.38738406 0.39059946],2.0,0.94313467,0.04699897766113281
88,[0.46647912 0.3543418  0.5182806  0.4799018 ],3.0,0.9370667,0.04699897766113281
88,[0.53973264 0.30157518 0.59269077 0.43277466],2.0,0.9255288,0.04699897766113281
88,[0.46528038 0.28547922 0.51371247 0.4422203 ],0.0,0.9033762,0.04699897766113281
88,[0.5800719  0.27448452 0.7159281  0.45585698],2.0,0.86738336,0.04699897766113281
88,[0.17271374 0.46884948 0.27589428 0.747775  ],0.0,0.85251904,0.04699897766113281
88,[0.7003141  0.30405185 0.7487131  0.42074183],2.0,0.83864594,0.04699897766113281
88,[0.03026303 0.2882072  0.0516475  0.35287324],0.0,0.6625848,0.04699897766113281
88,[0.42102954 0.3324356  0.4632863  0.4306869 ],3.0,0.6094835,0.04699897766113281
88,[0.42103007 0.28951904 0.46291515 0.4243261 ],0.0,0.6089814,0.04699897766113281
89,[0.696982   0.54297054 0.9973459  0.8826568 ],2.0,0.99817216,0.05333089828491211
89,[0.01188877 0.31427422 0.18255785 0.5473221 ],2.0,0.9944699,0.05333089828491211
89,[0.2689532  0.3046124  0.4386627  0.54671615],2.0,0.9943319,0.05333089828491211
89,[0.14856395 0.31093878 0.2557628  0.4475168 ],2.0,0.9929279,0.05333089828491211
89,[0.5216443  0.37471128 0.72070295 0.6550853 ],2.0,0.98958373,0.05333089828491211
89,[0.18738216 0.4039238  0.3951736  0.6878628 ],2.0,0.98889375,0.05333089828491211
89,[0.25182253 0.27164578 0.38852972 0.39013582],2.0,0.9396482,0.05333089828491211
89,[0.46642053 0.3535359  0.51869357 0.47977662],3.0,0.9316434,0.05333089828491211
89,[0.5395355  0.3022288  0.5921371  0.43234015],2.0,0.92641103,0.05333089828491211
89,[0.17310323 0.46960783 0.27519077 0.7461705 ],0.0,0.9084709,0.05333089828491211
89,[0.46489918 0.2859742  0.5142921  0.4410094 ],0.0,0.89029425,0.05333089828491211
89,[0.5793508  0.2744014  0.7167429  0.45691594],2.0,0.8594046,0.05333089828491211
89,[0.7011166  0.30364764 0.74890846 0.4202438 ],2.0,0.83882725,0.05333089828491211
89,[0.42130774 0.2905155  0.46287906 0.4246154 ],0.0,0.69397765,0.05333089828491211
89,[0.03012992 0.28799087 0.05181869 0.35283536],0.0,0.65951693,0.05333089828491211
89,[0.420604   0.3318752  0.4632023  0.43056703],3.0,0.64163107,0.05333089828491211
90,[0.69208336 0.54152113 0.9893799  0.8767157 ],2.0,0.9982829,0.053404808044433594
90,[0.18793452 0.40094092 0.38825995 0.6856476 ],2.0,0.9975194,0.053404808044433594
90,[0.26753026 0.30993867 0.4367516  0.5469661 ],2.0,0.9950329,0.053404808044433594
90,[0.00575187 0.31612363 0.17484528 0.5462749 ],2.0,0.9932545,0.053404808044433594
90,[0.53399235 0.3774534  0.69875497 0.6445202 ],2.0,0.9929469,0.053404808044433594
90,[0.14582369 0.31342477 0.24977353 0.4466306 ],2.0,0.99193734,0.053404808044433594
90,[0.46287867 0.3584828  0.51508224 0.48025063],3.0,0.9565184,0.053404808044433594
90,[0.46054673 0.28862345 0.51072323 0.44150567],0.0,0.9376705,0.053404808044433594
90,[0.5291576  0.30546612 0.5797083  0.42879188],2.0,0.868723,0.053404808044433594
90,[0.5768961  0.278411   0.71222544 0.45386937],2.0,0.85246605,0.053404808044433594
90,[0.24384889 0.26885235 0.39019963 0.38946438],2.0,0.8370893,0.053404808044433594
90,[0.15247124 0.4774137  0.26970914 0.8085663 ],0.0,0.8127891,0.053404808044433594
90,[0.5325986  0.29704317 0.73045444 0.66991353],2.0,0.7970516,0.053404808044433594
90,[0.68854916 0.2997877  0.7397598  0.4253356 ],2.0,0.7797545,0.053404808044433594
90,[0.4165439  0.28885415 0.449822   0.35364416],0.0,0.6760325,0.053404808044433594
90,[0.4508665  0.08630029 0.47360668 0.12105515],9.0,0.6473713,0.053404808044433594
90,[0.44861406 0.08265521 0.47895038 0.12608542],9.0,0.6273535,0.053404808044433594
91,[0.679589   0.54837203 0.9722335  0.8701966 ],2.0,0.9971882,0.04768562316894531
91,[0.51055384 0.38053933 0.7072431  0.6521882 ],2.0,0.99615514,0.04768562316894531
91,[0.17735052 0.3995232  0.38199037 0.6837216 ],2.0,0.99611413,0.04768562316894531
91,[0.25777066 0.31134808 0.4372995  0.5498974 ],2.0,0.9921277,0.04768562316894531
91,[0.00320963 0.31905496 0.17266431 0.5364396 ],2.0,0.9886319,0.04768562316894531
91,[0.13742119 0.3171164  0.24400443 0.4517199 ],2.0,0.9827401,0.04768562316894531
91,[0.45203516 0.36080092 0.51199716 0.48444456],3.0,0.9674051,0.04768562316894531
91,[0.68033445 0.3064739  0.7295431  0.42656106],2.0,0.920945,0.04768562316894531
91,[0.51494557 0.31691265 0.57726604 0.45112002],2.0,0.8739177,0.04768562316894531
91,[0.14386275 0.46784005 0.25626943 0.8188695 ],0.0,0.85708296,0.04768562316894531
91,[0.40404445 0.28942895 0.4503566  0.42996067],0.0,0.8557885,0.04768562316894531
91,[0.23839335 0.26946336 0.37182248 0.38783258],2.0,0.8331541,0.04768562316894531
91,[0.45234278 0.302768   0.50452894 0.4235453 ],0.0,0.83045495,0.04768562316894531
91,[0.5683758  0.28809357 0.7061018  0.47901767],2.0,0.7979914,0.04768562316894531
92,[0.17845613 0.39473146 0.3806327  0.6844942 ],2.0,0.99797213,0.049046993255615234
92,[0.5039836  0.37964302 0.70255435 0.65022117],2.0,0.9971085,0.049046993255615234
92,[0.6496602  0.54140645 0.95888484 0.863283  ],2.0,0.99683964,0.049046993255615234
92,[0.25299335 0.31204528 0.42338604 0.5419339 ],2.0,0.98256326,0.049046993255615234
92,[0.44842464 0.3598917  0.50726813 0.47973883],3.0,0.9808894,0.049046993255615234
92,[0.         0.31713593 0.15973252 0.5455182 ],2.0,0.97358763,0.049046993255615234
92,[0.13444808 0.31768396 0.23564333 0.4475557 ],2.0,0.96116936,0.049046993255615234
92,[0.14141357 0.46313953 0.25255388 0.7531978 ],0.0,0.929441,0.049046993255615234
92,[0.67623544 0.30661047 0.72562444 0.42875695],2.0,0.90277547,0.049046993255615234
92,[0.40094137 0.2898844  0.44597977 0.43281376],0.0,0.88783276,0.049046993255615234
92,[0.44845536 0.2984597  0.5038788  0.42374372],0.0,0.8461206,0.049046993255615234
92,[0.50758827 0.31877762 0.5713389  0.45141304],2.0,0.84402853,0.049046993255615234
92,[0.23340516 0.2702549  0.3659649  0.39293778],2.0,0.81002575,0.049046993255615234
92,[0.57303864 0.28380787 0.7007783  0.4506154 ],2.0,0.7846641,0.049046993255615234
92,[0.7343038  0.28212804 0.8178422  0.43381816],7.0,0.6149616,0.049046993255615234
93,[0.17904037 0.39109492 0.37675261 0.6868156 ],2.0,0.9977547,0.05302166938781738
93,[0.6456075  0.5326494  0.9474796  0.86772466],2.0,0.9968129,0.05302166938781738
93,[0.5190652  0.37534326 0.6824792  0.64575976],2.0,0.9963981,0.05302166938781738
93,[0.25048026 0.31311134 0.42199174 0.5415075 ],2.0,0.9845252,0.05302166938781738
93,[0.         0.31590158 0.15647858 0.5464546 ],2.0,0.9774845,0.05302166938781738
93,[0.12645948 0.30919382 0.23345602 0.4714518 ],2.0,0.97014046,0.05302166938781738
93,[0.4466585  0.36081156 0.5028225  0.4806464 ],3.0,0.95292103,0.05302166938781738
93,[0.14048818 0.4590936  0.24839309 0.75442076],0.0,0.933229,0.05302166938781738
93,[0.5075483  0.31886476 0.56423694 0.44893038],2.0,0.9010584,0.05302166938781738
93,[0.43989882 0.29715526 0.48441073 0.4283831 ],0.0,0.81697017,0.05302166938781738
93,[0.39828566 0.29658335 0.43959913 0.426225  ],0.0,0.78933066,0.05302166938781738
93,[0.67579275 0.30624512 0.72381324 0.4272575 ],2.0,0.7883893,0.05302166938781738
93,[0.23154998 0.26557606 0.36254847 0.39063632],2.0,0.7689716,0.05302166938781738
93,[0.5703199  0.28805083 0.69971645 0.44599366],2.0,0.7277161,0.05302166938781738
93,[0.45099598 0.08883366 0.4639206  0.13706829],9.0,0.62397933,0.05302166938781738
93,[0.43149278 0.09293579 0.4619967  0.13492978],9.0,0.6160936,0.05302166938781738
93,[0.7284597  0.285727   0.8088671  0.43739286],7.0,0.61498475,0.05302166938781738
94,[0.1793547  0.3913414  0.37650236 0.68692356],2.0,0.9976943,0.04683709144592285
94,[0.644817   0.53239787 0.9472592  0.8680184 ],2.0,0.9974895,0.04683709144592285
94,[0.50416374 0.38067532 0.6989435  0.6473582 ],2.0,0.996193,0.04683709144592285
94,[0.25108182 0.31254286 0.42128646 0.54101574],2.0,0.9858428,0.04683709144592285
94,[0.         0.316271   0.15616977 0.5463788 ],2.0,0.9740303,0.04683709144592285
94,[0.12660795 0.30923536 0.23316288 0.47244325],2.0,0.96348166,0.04683709144592285
94,[0.44671044 0.36068654 0.50280887 0.480857  ],3.0,0.95641625,0.04683709144592285
94,[0.13969153 0.46001014 0.24854782 0.75438416],0.0,0.93207276,0.04683709144592285
94,[0.50780165 0.3190918  0.56351805 0.44882357],2.0,0.901113,0.04683709144592285
94,[0.39846277 0.2961767  0.43943775 0.42715403],0.0,0.8259863,0.04683709144592285
94,[0.43983197 0.2970881  0.48449188 0.4276634 ],0.0,0.81221455,0.04683709144592285
94,[0.67615944 0.30606675 0.7234008  0.42757684],2.0,0.7782386,0.04683709144592285
94,[0.23201719 0.2659743  0.36305067 0.3903456 ],2.0,0.769612,0.04683709144592285
94,[0.54339147 0.2909789  0.6924361  0.48185706],2.0,0.73820287,0.04683709144592285
94,[0.4509934  0.08868752 0.46401712 0.13697194],9.0,0.6348996,0.04683709144592285
94,[0.72855777 0.28580004 0.80820006 0.43819046],7.0,0.60267854,0.04683709144592285
95,[0.17706764 0.39198628 0.37387407 0.68826246],2.0,0.99460703,0.046912431716918945
95,[0.5022831  0.38083    0.69258916 0.64685386],2.0,0.99276716,0.046912431716918945
95,[0.25025904 0.31598142 0.419124   0.5402786 ],2.0,0.9898871,0.046912431716918945
95,[0.63769126 0.52943444 0.935768   0.8714223 ],2.0,0.98965526,0.046912431716918945
95,[0.         0.31513995 0.15461834 0.54588264],2.0,0.9851753,0.046912431716918945
95,[0.4374062  0.36363798 0.4899505  0.4852538 ],3.0,0.9472449,0.046912431716918945
95,[0.5054826  0.32448342 0.5628243  0.44642577],2.0,0.9443494,0.046912431716918945
95,[0.12328239 0.45969772 0.240243   0.7640369 ],0.0,0.93942654,0.046912431716918945
95,[0.12571369 0.31726748 0.2268302  0.44565678],2.0,0.91414756,0.046912431716918945
95,[0.39611006 0.30017197 0.43696076 0.4293638 ],0.0,0.81963044,0.046912431716918945
95,[0.23088008 0.26993364 0.3572585  0.3886006 ],2.0,0.79616994,0.046912431716918945
95,[0.6763585  0.306029   0.7201058  0.43119588],2.0,0.73959136,0.046912431716918945
95,[0.43626037 0.3010919  0.48111483 0.42372906],0.0,0.71827453,0.046912431716918945
95,[0.43736088 0.29453662 0.48917532 0.47460374],0.0,0.6983567,0.046912431716918945
95,[0.54653883 0.29289702 0.68776274 0.48031643],2.0,0.66233313,0.046912431716918945
95,[0.72853386 0.28342247 0.8048916  0.44146234],7.0,0.6414711,0.046912431716918945
95,[0.12763554 0.3119684  0.22499344 0.5266126 ],2.0,0.60676426,0.046912431716918945
96,[0.17022647 0.38773018 0.36147523 0.6735248 ],2.0,0.99595195,0.04687166213989258
96,[0.24734503 0.31617546 0.4134465  0.54159296],2.0,0.9945276,0.04687166213989258
96,[0.5031928 0.3757831 0.6664822 0.6432885],2.0,0.992977,0.04687166213989258
96,[0.6214867  0.49942657 0.9124262  0.85428727],2.0,0.99248666,0.04687166213989258
96,[0.         0.3182558  0.15161255 0.5419355 ],2.0,0.9916921,0.04687166213989258
96,[0.43327716 0.36336097 0.48648557 0.484265  ],3.0,0.9629266,0.04687166213989258
96,[0.5467331  0.2973876  0.68302864 0.474761  ],2.0,0.93639964,0.04687166213989258
96,[0.44410574 0.8708518  0.77193296 0.9842357 ],2.0,0.9167114,0.04687166213989258
96,[0.5001521  0.326641   0.55205536 0.44365796],2.0,0.90916866,0.04687166213989258
96,[0.43247828 0.2988333  0.48124716 0.4284805 ],0.0,0.9022522,0.04687166213989258
96,[0.12264101 0.3188507  0.21959756 0.44830745],2.0,0.88792974,0.04687166213989258
96,[0.12744373 0.4515187  0.23104346 0.7032297 ],0.0,0.86486554,0.04687166213989258
96,[0.43246138 0.28731823 0.4869234  0.48252088],0.0,0.82382387,0.04687166213989258
96,[0.3949125  0.3030373  0.43321773 0.4333316 ],0.0,0.7989199,0.04687166213989258
96,[0.22014378 0.26822317 0.35219473 0.38850474],2.0,0.74089336,0.04687166213989258
96,[0.6739245  0.31017753 0.7193963  0.42968765],2.0,0.66720206,0.04687166213989258
97,[0.61804575 0.50084025 0.8987734  0.85587376],2.0,0.99744993,0.048952579498291016
97,[0.16596061 0.3851689  0.35978937 0.66809475],2.0,0.9961167,0.048952579498291016
97,[0.50034004 0.38119414 0.66490716 0.63622797],2.0,0.99591374,0.048952579498291016
97,[0.24671584 0.313336   0.4122612  0.542492  ],2.0,0.995802,0.048952579498291016
97,[0.         0.3196637  0.14682733 0.5426404 ],2.0,0.9913434,0.048952579498291016
97,[0.4306239  0.36314368 0.4855858  0.48386306],3.0,0.97498477,0.048952579498291016
97,[0.43031448 0.29810682 0.47952127 0.42780712],0.0,0.91540563,0.048952579498291016
97,[0.5445144  0.29689008 0.67975557 0.47661126],2.0,0.9062865,0.048952579498291016
97,[0.4994597  0.3285507  0.55168074 0.44267994],2.0,0.8989167,0.048952579498291016
97,[0.12526986 0.4477402  0.22733065 0.7027396 ],0.0,0.8791329,0.048952579498291016
97,[0.43164712 0.87081    0.7798849  0.97998506],2.0,0.8493835,0.048952579498291016
97,[0.39429906 0.3036038  0.43208143 0.43335107],0.0,0.82952666,0.048952579498291016
97,[0.4291349  0.28798503 0.48533916 0.48122025],0.0,0.81434464,0.048952579498291016
97,[0.11901809 0.3146918  0.2164226  0.48041788],2.0,0.7920259,0.048952579498291016
97,[0.48064467 0.3455813  0.7004306  0.6748966 ],2.0,0.75842035,0.048952579498291016
97,[0.66116756 0.31590784 0.69974476 0.44523168],2.0,0.6584659,0.048952579498291016
97,[0.72023547 0.28629014 0.7958205  0.44831678],7.0,0.6568853,0.048952579498291016
97,[0.21965955 0.26481915 0.3489877  0.3874899 ],2.0,0.6010274,0.048952579498291016
98,[0.17569435 0.3887418  0.35399032 0.6599496 ],2.0,0.9975884,0.048729896545410156
98,[0.6027373 0.4838962 0.8878207 0.8525019],2.0,0.9974399,0.048729896545410156
98,[0.49488378 0.3439632  0.66563237 0.639431  ],2.0,0.9961839,0.048729896545410156
98,[0.25080356 0.31394285 0.40742996 0.5413298 ],2.0,0.99484396,0.048729896545410156
98,[0.         0.31889355 0.14527655 0.54277354],2.0,0.9930517,0.048729896545410156
98,[0.4300465  0.36339253 0.48503852 0.48134017],3.0,0.9830702,0.048729896545410156
98,[0.54369605 0.29702383 0.67815685 0.47746235],2.0,0.9157147,0.048729896545410156
98,[0.42901173 0.2947478  0.4790137  0.43138722],0.0,0.9073066,0.048729896545410156
98,[0.49803862 0.3268083  0.55188495 0.4395177 ],2.0,0.9069175,0.048729896545410156
98,[0.3945865  0.30137455 0.4314937  0.4373129 ],0.0,0.8254117,0.048729896545410156
98,[0.11971371 0.3142041  0.21432336 0.48273242],2.0,0.8108556,0.048729896545410156
98,[0.12387621 0.44268948 0.22635117 0.7065967 ],0.0,0.76764244,0.048729896545410156
98,[0.411094  0.8681226 0.7734528 0.9823214],2.0,0.7495493,0.048729896545410156
98,[0.71744347 0.283623   0.7944286  0.4466053 ],7.0,0.64980704,0.048729896545410156
98,[0.21578994 0.2686318  0.34183767 0.38140115],2.0,0.62447506,0.048729896545410156
98,[0.10848788 0.6104487  0.22106546 0.790326  ],3.0,0.61243564,0.048729896545410156
99,[0.1749991  0.38775426 0.3549742  0.6606459 ],2.0,0.9976017,0.05038642883300781
99,[0.60177636 0.48674852 0.88885176 0.8490283 ],2.0,0.99753517,0.05038642883300781
99,[0.493853  0.341052  0.6657461 0.6434513],2.0,0.9957013,0.05038642883300781
99,[0.2502484  0.31343737 0.4079571  0.54177517],2.0,0.99560183,0.05038642883300781
99,[0.         0.31871828 0.1456868  0.5427264 ],2.0,0.9925273,0.05038642883300781
99,[0.42982438 0.3633787  0.48528787 0.48141843],3.0,0.9827116,0.05038642883300781
99,[0.49803156 0.32736957 0.5522322  0.43911588],2.0,0.9201214,0.05038642883300781
99,[0.5431077  0.29681623 0.67798465 0.47839552],2.0,0.917681,0.05038642883300781
99,[0.42914355 0.29441762 0.47936177 0.431172  ],0.0,0.9013501,0.05038642883300781
99,[0.39445275 0.30143315 0.43152332 0.4373834 ],0.0,0.8239904,0.05038642883300781
99,[0.11986561 0.31450427 0.21430023 0.48312974],2.0,0.8214188,0.05038642883300781
99,[0.41183013 0.86792296 0.7719682  0.9829884 ],2.0,0.76979387,0.05038642883300781
99,[0.12274653 0.44218206 0.22664663 0.7069589 ],0.0,0.75030893,0.05038642883300781
99,[0.10903621 0.6106702  0.22106698 0.7894548 ],3.0,0.6404632,0.05038642883300781
99,[0.21566556 0.26833338 0.34195852 0.38225085],2.0,0.6324146,0.05038642883300781
99,[0.7169613  0.28286305 0.79303306 0.44727364],7.0,0.6218194,0.05038642883300781
100,[0.17383924 0.38847357 0.35356852 0.6547609 ],2.0,0.9981987,0.05409359931945801
100,[0.60189766 0.49252385 0.88525087 0.8502005 ],2.0,0.9980992,0.05409359931945801
100,[0.25215152 0.31429186 0.4082335  0.54184294],2.0,0.9965409,0.05409359931945801
100,[0.4952622  0.34335938 0.6650191  0.6391517 ],2.0,0.9954969,0.05409359931945801
100,[0.4285378  0.36324733 0.4856494  0.48233187],3.0,0.9882411,0.05409359931945801
100,[0.         0.3195156  0.14634925 0.5412284 ],2.0,0.98407584,0.05409359931945801
100,[0.54462624 0.297759   0.67937505 0.48114997],2.0,0.94049084,0.05409359931945801
100,[0.49709886 0.33010468 0.5542771  0.4396585 ],2.0,0.9316482,0.05409359931945801
100,[0.12017468 0.3241573  0.21198031 0.4540425 ],2.0,0.91419077,0.05409359931945801
100,[0.42860952 0.2972718  0.4789863  0.42579412],0.0,0.89052814,0.05409359931945801
100,[0.39561653 0.3012228  0.4317459  0.43515855],0.0,0.7734769,0.05409359931945801
100,[0.12156272 0.44132414 0.22729501 0.7118354 ],0.0,0.7680798,0.05409359931945801
100,[0.10682806 0.5801494  0.22586775 0.77673125],3.0,0.70122254,0.05409359931945801
100,[0.2173472  0.27102184 0.34012848 0.38141358],2.0,0.67558074,0.05409359931945801
100,[0.40646094 0.8681397  0.75936335 0.98335105],2.0,0.6172779,0.05409359931945801
101,[0.17526504 0.39199963 0.35655198 0.65505624],2.0,0.9985601,0.04835391044616699
101,[0.49284768 0.34458694 0.66196823 0.6418854 ],2.0,0.99790794,0.04835391044616699
101,[0.5925317 0.4888045 0.8754747 0.8577541],2.0,0.9961075,0.04835391044616699
101,[0.25472763 0.33518535 0.42415544 0.55229557],2.0,0.99319303,0.04835391044616699
101,[0.         0.33708933 0.1513116  0.55087245],2.0,0.98450816,0.04835391044616699
101,[0.43114057 0.36554724 0.4875978  0.4884584 ],3.0,0.9741804,0.04835391044616699
101,[0.5039617  0.33661222 0.56236005 0.44061083],2.0,0.95914865,0.04835391044616699
101,[0.42990744 0.29796672 0.48196584 0.47972482],0.0,0.9333159,0.04835391044616699
101,[0.55489    0.30495587 0.6788474  0.48388335],2.0,0.92063224,0.04835391044616699
101,[0.1289876  0.44483873 0.23109125 0.71159804],0.0,0.89017123,0.04835391044616699
101,[0.12191801 0.3282597  0.21641941 0.45201218],2.0,0.862641,0.04835391044616699
101,[0.43165642 0.3045325  0.47596097 0.4227269 ],0.0,0.68248135,0.04835391044616699
101,[0.7177511  0.3052049  0.79349345 0.45425573],2.0,0.64187044,0.04835391044616699
101,[0.7172782  0.2919208  0.7937586  0.44821623],7.0,0.6325458,0.04835391044616699
101,[0.66283906 0.32426447 0.7034737  0.4572481 ],2.0,0.62872285,0.04835391044616699
101,[0.43619353 0.8953659  0.7463034  0.9907746 ],2.0,0.6223183,0.04835391044616699
102,[0.16828832 0.38338715 0.3611857  0.66201204],2.0,0.99900365,0.05435538291931152
102,[0.49402902 0.35746288 0.6614877  0.63099635],2.0,0.9988586,0.05435538291931152
102,[0.5858019 0.4891685 0.8732472 0.8598341],2.0,0.99697536,0.05435538291931152
102,[0.         0.33822107 0.15290476 0.5492654 ],2.0,0.99140525,0.05435538291931152
102,[0.2551068  0.31589043 0.41930026 0.540434  ],2.0,0.98656803,0.05435538291931152
102,[0.43235877 0.36475617 0.48860493 0.4904701 ],3.0,0.9787332,0.05435538291931152
102,[0.5032326  0.33982667 0.5636424  0.44509152],2.0,0.96719855,0.05435538291931152
102,[0.12873133 0.33451852 0.21878864 0.4574341 ],2.0,0.9660545,0.05435538291931152
102,[0.426053   0.8940208  0.74595636 0.9952867 ],2.0,0.96104,0.05435538291931152
102,[0.13239136 0.438407   0.23079214 0.717156  ],0.0,0.89949006,0.05435538291931152
102,[0.5576444  0.3047376  0.6812442  0.47984448],2.0,0.89525235,0.05435538291931152
102,[0.43185675 0.30212677 0.48485416 0.47562677],0.0,0.86367184,0.05435538291931152
102,[0.43441188 0.30674812 0.47824955 0.42052308],0.0,0.688042,0.05435538291931152
102,[0.7213077  0.2923614  0.795016   0.44952914],7.0,0.62818766,0.05435538291931152
102,[0.66358715 0.32730222 0.7050844  0.4587232 ],2.0,0.6263303,0.05435538291931152
102,[0.18488282 0.37096173 0.36952573 0.5714755 ],2.0,0.61976093,0.05435538291931152
102,[0.4000938  0.32134134 0.44042075 0.45909214],0.0,0.6052078,0.05435538291931152
103,[0.16567948 0.38280582 0.36134943 0.6574017 ],2.0,0.9992341,0.04802203178405762
103,[0.49465096 0.35875586 0.65991056 0.6289346 ],2.0,0.99893486,0.04802203178405762
103,[0.58384967 0.4886882  0.8641547  0.862082  ],2.0,0.9958418,0.04802203178405762
103,[0.27723682 0.34706336 0.426664   0.5509924 ],2.0,0.99060243,0.04802203178405762
103,[0.00419661 0.33898586 0.15114903 0.54826504],2.0,0.9786545,0.04802203178405762
103,[0.4348342  0.36533272 0.48959783 0.48864245],3.0,0.97401506,0.04802203178405762
103,[0.13220848 0.33536717 0.22212951 0.4596074 ],2.0,0.9529794,0.04802203178405762
103,[0.50275683 0.34042042 0.56539345 0.44653416],2.0,0.9528153,0.04802203178405762
103,[0.5641781  0.3202328  0.67638075 0.45050502],2.0,0.91533023,0.04802203178405762
103,[0.1348543  0.43564838 0.23145832 0.7255631 ],0.0,0.8473454,0.04802203178405762
103,[0.43362272 0.30717552 0.48581743 0.47538948],0.0,0.84125286,0.04802203178405762
104,[0.16557905 0.3829258  0.36095282 0.65759534],2.0,0.9992696,0.05007529258728027
104,[0.4950276 0.3602633 0.6585414 0.6269522],2.0,0.9989756,0.05007529258728027
104,[0.5838326  0.48841828 0.86395645 0.8632119 ],2.0,0.9955294,0.05007529258728027
104,[0.27672386 0.34682497 0.42694676 0.55097485],2.0,0.9902126,0.05007529258728027
104,[0.00401433 0.33910948 0.15119463 0.5480154 ],2.0,0.97980964,0.05007529258728027
104,[0.4348913  0.3654754  0.48950747 0.4886872 ],3.0,0.97517633,0.05007529258728027
104,[0.13220479 0.33539385 0.22204278 0.46008557],2.0,0.95456815,0.05007529258728027
104,[0.50279737 0.34059668 0.56529367 0.44584376],2.0,0.9508216,0.05007529258728027
104,[0.56409454 0.32015818 0.67644286 0.45106512],2.0,0.9085787,0.05007529258728027
104,[0.13458224 0.43630245 0.23204173 0.7238575 ],0.0,0.8762794,0.05007529258728027
104,[0.43368074 0.30619648 0.4857383  0.47524807],0.0,0.8450148,0.05007529258728027
104,[0.43275732 0.8986299  0.75908667 0.99458635],2.0,0.6895508,0.05007529258728027
104,[0.402447   0.32131186 0.44241488 0.45929924],0.0,0.6090413,0.05007529258728027
105,[0.16433033 0.3797471  0.35940495 0.6577279 ],2.0,0.9993942,0.04948592185974121
105,[0.49578345 0.3633873  0.6567806  0.6232837 ],2.0,0.9989363,0.04948592185974121
105,[0.5784371  0.49145353 0.85623455 0.861511  ],2.0,0.99594593,0.04948592185974121
105,[0.27776253 0.34757093 0.4274894  0.55206215],2.0,0.9921362,0.04948592185974121
105,[0.0093279  0.33760792 0.14915621 0.54835224],2.0,0.9840412,0.04948592185974121
105,[0.43499026 0.3694483  0.48913166 0.48677623],3.0,0.96786493,0.04948592185974121
105,[0.13291079 0.33549684 0.22211125 0.46196824],2.0,0.9601826,0.04948592185974121
105,[0.4321646  0.30687186 0.48499542 0.47665694],0.0,0.9092064,0.04948592185974121
105,[0.13381055 0.4315703  0.23194206 0.7277496 ],0.0,0.90747887,0.04948592185974121
105,[0.5026646  0.34112284 0.5658905  0.44738927],2.0,0.900357,0.04948592185974121
105,[0.5575716  0.30791128 0.68434566 0.48106015],2.0,0.877801,0.04948592185974121
105,[0.36037242 0.31096283 0.4228049  0.40464815],2.0,0.6690371,0.04948592185974121
105,[0.23051786 0.27547154 0.34907156 0.38747606],7.0,0.620548,0.04948592185974121
106,[0.5662025  0.48823565 0.8335177  0.8525148 ],2.0,0.99878895,0.04809904098510742
106,[0.17344955 0.3837707  0.35178706 0.6464379 ],2.0,0.99858207,0.04809904098510742
106,[0.49080455 0.36579    0.6564784  0.61158824],2.0,0.99780107,0.04809904098510742
106,[0.2799731  0.342263   0.42512965 0.5537106 ],2.0,0.9883327,0.04809904098510742
106,[0.01168893 0.33224434 0.14186697 0.5331308 ],2.0,0.98535734,0.04809904098510742
106,[0.4306395  0.3648378  0.4893964  0.48761395],3.0,0.96965295,0.04809904098510742
106,[0.1302963  0.33621502 0.21876495 0.46033072],2.0,0.94721496,0.04809904098510742
106,[0.1340341  0.42752045 0.22847429 0.7251207 ],0.0,0.93897754,0.04809904098510742
106,[0.57088745 0.3097598  0.68765485 0.47813618],2.0,0.91551703,0.04809904098510742
106,[0.42906168 0.30693132 0.48550788 0.4769346 ],0.0,0.9118413,0.04809904098510742
106,[0.5020085  0.33862036 0.5655163  0.44868898],2.0,0.8256753,0.04809904098510742
106,[0.35720402 0.3085023  0.42522675 0.40468428],2.0,0.69502217,0.04809904098510742
107,[0.17930059 0.38171148 0.34817237 0.6418785 ],2.0,0.9985699,0.049106597900390625
107,[0.56661886 0.48359817 0.82266504 0.8488105 ],2.0,0.9984285,0.049106597900390625
107,[0.48791277 0.3634361  0.6574787  0.60815436],2.0,0.9983526,0.049106597900390625
107,[0.01172628 0.33325267 0.14094794 0.53135717],2.0,0.9906197,0.049106597900390625
107,[0.28033048 0.3418189  0.42356116 0.5539187 ],2.0,0.9895619,0.049106597900390625
107,[0.42983645 0.36741006 0.48749274 0.48676085],3.0,0.9649044,0.049106597900390625
107,[0.4292739  0.30496097 0.4828114  0.47959673],0.0,0.941511,0.049106597900390625
107,[0.5714647  0.3099269  0.68768376 0.47895345],2.0,0.93247837,0.049106597900390625
107,[0.12989289 0.3353512  0.21665847 0.45954922],2.0,0.92837095,0.049106597900390625
107,[0.13212968 0.42564452 0.22432496 0.7301594 ],0.0,0.8867197,0.049106597900390625
107,[0.5006247  0.3384462  0.5672986  0.45078737],2.0,0.730875,0.049106597900390625
107,[0.3567105  0.30866295 0.42478687 0.4038027 ],2.0,0.6575667,0.049106597900390625
107,[0.7095606  0.30445695 0.7843203  0.4577102 ],2.0,0.64782745,0.049106597900390625
108,[0.56620085 0.47637293 0.8162098  0.8531462 ],2.0,0.9985768,0.049233198165893555
108,[0.17744966 0.37878942 0.34543723 0.6406865 ],2.0,0.99766785,0.049233198165893555
108,[0.48404273 0.36567986 0.6574401  0.6066784 ],2.0,0.99698883,0.049233198165893555
108,[0.0090534  0.3343591  0.14203766 0.53094095],2.0,0.9854982,0.049233198165893555
108,[0.2753137  0.31850672 0.4251484  0.54205656],2.0,0.979531,0.049233198165893555
108,[0.4293713  0.36328235 0.4852904  0.48802498],3.0,0.9581883,0.049233198165893555
108,[0.5714464  0.30945954 0.6870867  0.4783469 ],2.0,0.93338966,0.049233198165893555
108,[0.13168186 0.4220804  0.2226274  0.72891796],0.0,0.92241156,0.049233198165893555
108,[0.12702726 0.3375653  0.21542282 0.45717454],2.0,0.8968592,0.049233198165893555
108,[0.43041703 0.30629763 0.4813837  0.47926274],0.0,0.8751739,0.049233198165893555
108,[0.7089424  0.30432445 0.7853035  0.4603817 ],2.0,0.8203245,0.049233198165893555
109,[0.56654316 0.47544646 0.81581086 0.8543304 ],2.0,0.9985233,0.046967506408691406
109,[0.17773545 0.3793726  0.34521687 0.6392101 ],2.0,0.9976049,0.046967506408691406
109,[0.4850668  0.3655422  0.6569821  0.60608655],2.0,0.99720454,0.046967506408691406
109,[0.00925885 0.33437482 0.14172497 0.53065735],2.0,0.98527503,0.046967506408691406
109,[0.27530533 0.318744   0.42510992 0.5417875 ],2.0,0.9791623,0.046967506408691406
109,[0.4292506  0.36355782 0.48539668 0.48812693],3.0,0.96073616,0.046967506408691406
109,[0.57117194 0.30852905 0.687365   0.47845218],2.0,0.9283093,0.046967506408691406
109,[0.13115871 0.4211259  0.22335175 0.73038673],0.0,0.9047261,0.046967506408691406
109,[0.12685817 0.33764654 0.21545318 0.45767158],2.0,0.8950551,0.046967506408691406
109,[0.42986038 0.30612653 0.4816248  0.47930193],0.0,0.8931099,0.046967506408691406
109,[0.7091051  0.30416653 0.7851626  0.45964614],2.0,0.804623,0.046967506408691406
110,[0.17492394 0.36399022 0.3472616  0.6277386 ],2.0,0.9978817,0.05456423759460449
110,[0.56877995 0.47361195 0.81238306 0.86020446],2.0,0.9977195,0.05456423759460449
110,[0.48300788 0.36524206 0.65743095 0.6089292 ],2.0,0.9966128,0.05456423759460449
110,[0.01050812 0.33373824 0.14072585 0.531869  ],2.0,0.98668295,0.05456423759460449
110,[0.2849291  0.34543753 0.42119038 0.5510634 ],2.0,0.97417265,0.05456423759460449
110,[0.42699972 0.3632496  0.48480168 0.48954856],3.0,0.96156245,0.05456423759460449
110,[0.5677296  0.3229816  0.6754998  0.45695186],2.0,0.94143933,0.05456423759460449
110,[0.12660787 0.33737317 0.21462706 0.4591963 ],2.0,0.9070833,0.05456423759460449
110,[0.13121799 0.42037874 0.22318825 0.7295787 ],0.0,0.89936376,0.05456423759460449
110,[0.4278208  0.3072733  0.48092258 0.47749308],0.0,0.8839892,0.05456423759460449
110,[0.7081317  0.30675393 0.7863971  0.4622398 ],2.0,0.83374035,0.05456423759460449
110,[0.12250569 0.56985444 0.21752366 0.78213495],3.0,0.6312249,0.05456423759460449
111,[0.17297019 0.36431473 0.3436365  0.62716115],2.0,0.9975811,0.04916691780090332
111,[0.550416   0.46222466 0.7945055  0.84183115],2.0,0.9965526,0.04916691780090332
111,[0.485872   0.3601846  0.64666206 0.61043966],2.0,0.9958121,0.04916691780090332
111,[0.01107879 0.3344325  0.13957287 0.5305628 ],2.0,0.98417044,0.04916691780090332
111,[0.28067437 0.32099873 0.42091396 0.5378201 ],2.0,0.9758356,0.04916691780090332
111,[0.4232307  0.35519278 0.48184937 0.4899838 ],3.0,0.9424175,0.04916691780090332
111,[0.56584525 0.3217703  0.67421865 0.45598483],2.0,0.928928,0.04916691780090332
111,[0.12290972 0.34024435 0.2117911  0.4593293 ],2.0,0.90216076,0.04916691780090332
111,[0.42674148 0.31092778 0.47766614 0.48012456],0.0,0.8263023,0.04916691780090332
111,[0.12890571 0.41443083 0.22132623 0.6864692 ],0.0,0.8189307,0.04916691780090332
111,[0.7077777  0.3090483  0.78435487 0.46324575],2.0,0.7782994,0.04916691780090332
111,[0.12064049 0.5659964  0.21658549 0.7827748 ],3.0,0.7535261,0.04916691780090332
111,[0.35314384 0.32166153 0.4228824  0.4530043 ],2.0,0.73726296,0.04916691780090332
111,[0.46630704 0.3139796  0.48859477 0.38335666],0.0,0.63401085,0.04916691780090332
111,[0.35450265 0.31331497 0.41578647 0.40783525],2.0,0.60759914,0.04916691780090332
112,[0.16891807 0.36556247 0.34305835 0.6258838 ],2.0,0.9979323,0.0494382381439209
112,[0.5360768  0.46583578 0.78666556 0.8255415 ],2.0,0.997901,0.0494382381439209
112,[0.28141356 0.3445332  0.4177593  0.54681975],2.0,0.9957361,0.0494382381439209
112,[0.48732084 0.3577879  0.64445764 0.6086256 ],2.0,0.9900873,0.0494382381439209
112,[0.00818314 0.33758995 0.13721387 0.52726674],2.0,0.9789662,0.0494382381439209
112,[0.12041464 0.34484884 0.20320788 0.48106357],2.0,0.9613646,0.0494382381439209
112,[0.42197096 0.36028388 0.4800933  0.49014917],3.0,0.9435782,0.0494382381439209
112,[0.5622903  0.32503378 0.6752894  0.45972443],2.0,0.914662,0.0494382381439209
112,[0.7038072  0.31338996 0.7782138  0.46658182],2.0,0.88552606,0.0494382381439209
112,[0.42137465 0.3148068  0.47422406 0.46890822],0.0,0.7824755,0.0494382381439209
112,[0.46446687 0.31644315 0.48869568 0.38688165],0.0,0.746713,0.0494382381439209
112,[0.12668864 0.40823644 0.21952371 0.6890277 ],0.0,0.7012479,0.0494382381439209
112,[0.35119262 0.31982198 0.41355285 0.40648195],2.0,0.6405413,0.0494382381439209
113,[0.17190188 0.3841976  0.34192222 0.63750064],2.0,0.9981184,0.048960208892822266
113,[0.27567106 0.34413606 0.41980577 0.5516518 ],2.0,0.9973092,0.048960208892822266
113,[0.5339153 0.4680277 0.7803489 0.8217963],2.0,0.9971084,0.048960208892822266
113,[0.48374   0.369582  0.6303184 0.6063777],2.0,0.9898147,0.048960208892822266
113,[0.00990149 0.3465761  0.13760793 0.54207397],2.0,0.9758425,0.048960208892822266
113,[0.12124754 0.35366663 0.20635046 0.48467   ],2.0,0.94442093,0.048960208892822266
113,[0.41860095 0.3507921  0.4776295  0.49489897],3.0,0.93544585,0.048960208892822266
113,[0.5566474  0.33097464 0.67110753 0.4581858 ],2.0,0.9055301,0.048960208892822266
113,[0.42183015 0.3249969  0.47120157 0.4628331 ],0.0,0.82052857,0.048960208892822266
113,[0.12543064 0.41857776 0.21885076 0.7346052 ],0.0,0.7195126,0.048960208892822266
113,[0.3498809  0.3252438  0.41325656 0.4069052 ],2.0,0.70930064,0.048960208892822266
113,[0.11690086 0.566873   0.21564355 0.78627795],3.0,0.6746932,0.048960208892822266
113,[0.7030369  0.31793246 0.77944016 0.47343078],2.0,0.6335745,0.048960208892822266
114,[0.17145348 0.38447335 0.34209657 0.6363232 ],2.0,0.9979246,0.048371076583862305
114,[0.53384876 0.46608195 0.77955925 0.8250346 ],2.0,0.99737406,0.048371076583862305
114,[0.27587688 0.34393066 0.41965145 0.5510256 ],2.0,0.99711585,0.048371076583862305
114,[0.48382384 0.36947525 0.62979084 0.60533744],2.0,0.9872671,0.048371076583862305
114,[0.01063178 0.34690148 0.13775848 0.5411031 ],2.0,0.9764585,0.048371076583862305
114,[0.12118173 0.35391048 0.20630106 0.48443326],2.0,0.94132066,0.048371076583862305
114,[0.41939524 0.34994215 0.47718003 0.4952659 ],3.0,0.926129,0.048371076583862305
114,[0.5575533  0.33169034 0.67006207 0.45779184],2.0,0.8874781,0.048371076583862305
114,[0.42260706 0.3256477  0.4710315  0.46220767],0.0,0.80680203,0.048371076583862305
114,[0.12529239 0.4163077  0.21907619 0.73658407],0.0,0.7312976,0.048371076583862305
114,[0.35019284 0.32484183 0.41294658 0.406379  ],2.0,0.6634124,0.048371076583862305
114,[0.11785368 0.56636184 0.21546254 0.78410834],3.0,0.6178953,0.048371076583862305
114,[0.7033281  0.31763425 0.7797546  0.4730552 ],2.0,0.61401457,0.048371076583862305
115,[0.17197645 0.39892095 0.34253722 0.6356545 ],2.0,0.9990132,0.04736638069152832
115,[0.5342579  0.47622448 0.7783134  0.83360714],2.0,0.9981417,0.04736638069152832
115,[0.28406698 0.3514729  0.42038846 0.56820375],2.0,0.9941964,0.04736638069152832
115,[0.01412698 0.36036462 0.1381661  0.55101633],2.0,0.9823053,0.04736638069152832
115,[0.48754227 0.36993524 0.64439046 0.6113125 ],2.0,0.98042446,0.04736638069152832
115,[0.4216295  0.39368308 0.480829   0.50822526],3.0,0.9565575,0.04736638069152832
115,[0.12541415 0.36845315 0.21152954 0.48791975],2.0,0.9132886,0.04736638069152832
115,[0.5628995  0.33844686 0.6685691  0.46135682],2.0,0.8343611,0.04736638069152832
115,[0.12877025 0.43239692 0.22206013 0.7307129 ],0.0,0.8309339,0.04736638069152832
115,[0.7037176  0.33619383 0.78128827 0.4845284 ],2.0,0.8056378,0.04736638069152832
115,[0.1319848  0.3633031  0.34689033 0.67874265],2.0,0.7120388,0.04736638069152832
115,[0.423987   0.33754405 0.4754096  0.44017383],0.0,0.69061846,0.04736638069152832
115,[0.12357579 0.55997765 0.21802388 0.79205513],3.0,0.6690697,0.04736638069152832
115,[0.46540612 0.3331748  0.4888836  0.40135583],0.0,0.6664834,0.04736638069152832
115,[0.57641935 0.35373092 0.65326965 0.47289068],2.0,0.6225496,0.04736638069152832
115,[0.4201077  0.34154424 0.48084685 0.50311255],0.0,0.6092107,0.04736638069152832
116,[0.17680895 0.4201661  0.34125853 0.6698904 ],2.0,0.9987333,0.04768490791320801
116,[0.28265783 0.37981987 0.42518476 0.5937286 ],2.0,0.99669504,0.04768490791320801
116,[0.53640854 0.49471986 0.7631711  0.8409759 ],2.0,0.99645025,0.04768490791320801
116,[0.02474767 0.38502502 0.14213541 0.5820908 ],2.0,0.9920411,0.04768490791320801
116,[0.4967207  0.39275527 0.63815415 0.63510203],2.0,0.9856096,0.04768490791320801
116,[0.42127395 0.4274326  0.4830609  0.532166  ],3.0,0.9724306,0.04768490791320801
116,[0.13119467 0.39738414 0.21087657 0.5050567 ],2.0,0.928361,0.04768490791320801
116,[0.13721044 0.44123983 0.2239817  0.7757863 ],0.0,0.92719775,0.04768490791320801
116,[0.12454179 0.58204174 0.2195268  0.8224956 ],3.0,0.78559583,0.04768490791320801
116,[0.56771994 0.36535865 0.6701261  0.49307668],2.0,0.77506757,0.04768490791320801
116,[0.7081205  0.37486875 0.7821807  0.50940514],2.0,0.74889165,0.04768490791320801
116,[0.42530984 0.36587125 0.4775781  0.48098308],0.0,0.7132976,0.04768490791320801
116,[0.46809524 0.36348507 0.49241436 0.43339702],0.0,0.69391245,0.04768490791320801
116,[0.7075655  0.3512235  0.78392416 0.51203144],7.0,0.64290977,0.04768490791320801
117,[0.17673977 0.42482448 0.3428449  0.6733979 ],2.0,0.9990655,0.04741191864013672
117,[0.5363045 0.5021974 0.7571173 0.8413379],2.0,0.9971542,0.04741191864013672
117,[0.28982943 0.38483763 0.4236517  0.5998101 ],2.0,0.9949351,0.04741191864013672
117,[0.02789897 0.39478287 0.14046356 0.5871809 ],2.0,0.9897967,0.04741191864013672
117,[0.4997149  0.4010411  0.63654095 0.6335389 ],2.0,0.9882588,0.04741191864013672
117,[0.42534882 0.4287165  0.48166513 0.5404657 ],3.0,0.9626545,0.04741191864013672
117,[0.13508311 0.40526488 0.21403489 0.51150167],2.0,0.9441089,0.04741191864013672
117,[0.7059889  0.36867464 0.78674936 0.5168373 ],2.0,0.89459884,0.04741191864013672
117,[0.5688496  0.37014762 0.6696612  0.4954197 ],2.0,0.8846568,0.04741191864013672
117,[0.12559041 0.57124186 0.22074577 0.83772147],3.0,0.79122704,0.04741191864013672
117,[0.13877076 0.43842864 0.22584459 0.78922796],0.0,0.72721094,0.04741191864013672
117,[0.42574927 0.3720215  0.48309752 0.5338666 ],0.0,0.6532371,0.04741191864013672
117,[0.43088493 0.36991814 0.4766111  0.4762335 ],0.0,0.6086156,0.04741191864013672
118,[0.1811722  0.430467   0.3417877  0.67782736],2.0,0.9989336,0.05259585380554199
118,[0.53152746 0.50474304 0.75687104 0.83605176],2.0,0.9977746,0.05259585380554199
118,[0.29420364 0.4028064  0.4262628  0.6113061 ],2.0,0.9955917,0.05259585380554199
118,[0.02757579 0.40280887 0.14930226 0.60799074],2.0,0.98814416,0.05259585380554199
118,[0.4967386  0.4090203  0.64230496 0.6740993 ],2.0,0.9762199,0.05259585380554199
118,[0.13649602 0.40871942 0.21399511 0.5157542 ],2.0,0.96326023,0.05259585380554199
118,[0.42589578 0.42793813 0.4842942  0.5484766 ],3.0,0.93065554,0.05259585380554199
118,[0.42758018 0.37775427 0.4845456  0.5343647 ],0.0,0.89167583,0.05259585380554199
118,[0.56614196 0.37774846 0.69860697 0.50892353],2.0,0.74612725,0.05259585380554199
118,[0.7068694 0.3747974 0.7855994 0.5237948],2.0,0.73049486,0.05259585380554199
118,[0.46880946 0.3775205  0.49448255 0.45069927],0.0,0.6828991,0.05259585380554199
118,[0.1413173  0.44270122 0.22516249 0.7844274 ],0.0,0.66983366,0.05259585380554199
118,[0.15113315 0.6266995  0.2160775  0.7763631 ],3.0,0.6599875,0.05259585380554199
119,[0.18149394 0.43046573 0.3422587  0.67701304],2.0,0.9988961,0.04780769348144531
119,[0.53141904 0.5026209  0.7586857  0.8390288 ],2.0,0.9971474,0.04780769348144531
119,[0.2954322  0.40287235 0.42518228 0.61150837],2.0,0.99557024,0.04780769348144531
119,[0.02735173 0.4026624  0.1492983  0.6078235 ],2.0,0.9878152,0.04780769348144531
119,[0.4966322  0.40921605 0.6419938  0.67270577],2.0,0.9786928,0.04780769348144531
119,[0.13643071 0.40927267 0.21386474 0.51652604],2.0,0.96198124,0.04780769348144531
119,[0.4259625  0.42717528 0.48432392 0.54865015],3.0,0.9381114,0.04780769348144531
119,[0.4276092  0.3782148  0.48428357 0.5342733 ],0.0,0.8922323,0.04780769348144531
119,[0.56640255 0.38181204 0.67584634 0.50151134],2.0,0.7922159,0.04780769348144531
119,[0.13898775 0.45432582 0.22636372 0.69695264],0.0,0.7477859,0.04780769348144531
119,[0.15109748 0.62758434 0.21657574 0.77596605],3.0,0.7079403,0.04780769348144531
119,[0.7067272  0.37444973 0.78608674 0.5227606 ],2.0,0.7045862,0.04780769348144531
119,[0.46893457 0.3780765  0.49404606 0.45048058],0.0,0.6525845,0.04780769348144531
119,[0.1306593  0.58902997 0.22281288 0.8216565 ],3.0,0.6315783,0.04780769348144531
120,[0.1827733  0.43148297 0.34027284 0.6809024 ],2.0,0.99887764,0.05588793754577637
120,[0.5275513  0.5091126  0.74951696 0.8343915 ],2.0,0.99837476,0.05588793754577637
120,[0.2952308  0.4102316  0.42511612 0.6140164 ],2.0,0.9964561,0.05588793754577637
120,[0.03078834 0.40550202 0.14277907 0.60838944],2.0,0.99158645,0.05588793754577637
120,[0.4966579  0.41910207 0.6412757  0.6673597 ],2.0,0.9694051,0.05588793754577637
120,[0.13410842 0.41946694 0.212493   0.53775823],2.0,0.9236944,0.05588793754577637
120,[0.4250925  0.42054078 0.48518994 0.5512853 ],3.0,0.90691346,0.05588793754577637
120,[0.42774794 0.38253394 0.48207548 0.53495955],0.0,0.90568393,0.05588793754577637
120,[0.5699235  0.39133683 0.67148304 0.5009784 ],2.0,0.8198625,0.05588793754577637
120,[0.706588   0.37985617 0.78507763 0.5326134 ],2.0,0.75800216,0.05588793754577637
120,[0.15088281 0.6298238  0.21522364 0.7758653 ],3.0,0.6698829,0.05588793754577637
120,[0.00103216 0.33954376 0.04985756 0.7563582 ],2.0,0.651727,0.05588793754577637
121,[0.17977981 0.4345196  0.33667886 0.6773481 ],2.0,0.99842685,0.047777414321899414
121,[0.5229937  0.50235915 0.7367742  0.8338001 ],2.0,0.9980001,0.047777414321899414
121,[0.2879577  0.40759587 0.4252769  0.617628  ],2.0,0.99583393,0.047777414321899414
121,[0.03070374 0.40808013 0.13975517 0.61160785],2.0,0.990992,0.047777414321899414
121,[0.48560682 0.4191084  0.62643695 0.6658144 ],2.0,0.95310265,0.047777414321899414
121,[0.1287225  0.42366803 0.20857371 0.53471893],2.0,0.94476044,0.047777414321899414
121,[0.41985783 0.41039574 0.48291144 0.55586886],3.0,0.84196115,0.047777414321899414
121,[0.42412043 0.39195397 0.47755527 0.5255904 ],0.0,0.8208302,0.047777414321899414
121,[0.13082592 0.58077073 0.2207904  0.82410705],3.0,0.69648707,0.047777414321899414
121,[0.13629581 0.44246054 0.2218877  0.77878904],0.0,0.6931834,0.047777414321899414
121,[0.5672498  0.39455327 0.66649985 0.5009789 ],2.0,0.6916128,0.047777414321899414
121,[0.4656931  0.3924104  0.49050805 0.46530485],0.0,0.6144739,0.047777414321899414
122,[0.18015976 0.4358922  0.3347038  0.6767738 ],2.0,0.9991421,0.04965066909790039
122,[0.5173882  0.48654693 0.721082   0.82675034],2.0,0.997599,0.04965066909790039
122,[0.28773734 0.40649307 0.42500022 0.61546516],2.0,0.9972437,0.04965066909790039
122,[0.03117583 0.41119298 0.13629043 0.61073244],2.0,0.9878623,0.04965066909790039
122,[0.4831498 0.4195578 0.6254759 0.6645373],2.0,0.97042847,0.04965066909790039
122,[0.12531433 0.42465696 0.2050201  0.54117256],2.0,0.94793594,0.04965066909790039
122,[0.5650667  0.39787152 0.66634476 0.5017313 ],2.0,0.87775135,0.04965066909790039
122,[0.4232094  0.45128492 0.47512218 0.5617613 ],3.0,0.8120041,0.04965066909790039
122,[0.42425397 0.3920434  0.4727362  0.5260915 ],0.0,0.77951473,0.04965066909790039
122,[0.13526343 0.43919444 0.22025134 0.7830374 ],0.0,0.7255958,0.04965066909790039
122,[0.13308123 0.5803667  0.21970993 0.82589644],3.0,0.68441415,0.04965066909790039
122,[0.46258706 0.39133352 0.48597276 0.46782452],0.0,0.637933,0.04965066909790039
123,[0.18150057 0.43271917 0.3343168  0.6789847 ],2.0,0.99895144,0.047823429107666016
123,[0.5104368  0.48796272 0.72078943 0.82215965],2.0,0.99884146,0.047823429107666016
123,[0.28672987 0.40832797 0.4268915  0.6178306 ],2.0,0.9980872,0.047823429107666016
123,[0.03213504 0.41392866 0.13862951 0.6152482 ],2.0,0.99120057,0.047823429107666016
123,[0.48208797 0.42049223 0.627882   0.6697847 ],2.0,0.964486,0.047823429107666016
123,[0.12584311 0.4290878  0.20429611 0.5381781 ],2.0,0.9475996,0.047823429107666016
123,[0.5686573  0.40153116 0.6721264  0.5092175 ],2.0,0.9322326,0.047823429107666016
123,[0.4238105  0.4561111  0.47643772 0.5626949 ],3.0,0.8906889,0.047823429107666016
123,[0.4248054  0.39487484 0.47321165 0.51863796],0.0,0.7866757,0.047823429107666016
123,[0.69648546 0.40635127 0.7731218  0.54030585],2.0,0.72675335,0.047823429107666016
123,[0.14669657 0.62834996 0.2126807  0.7806949 ],3.0,0.6909986,0.047823429107666016
123,[0.00204885 0.35592344 0.04982478 0.7374821 ],2.0,0.68504274,0.047823429107666016
123,[0.1355643  0.43972445 0.22075191 0.7835734 ],0.0,0.6792978,0.047823429107666016
123,[0.49906138 0.46924326 0.6950085  0.7225549 ],2.0,0.6443086,0.047823429107666016
123,[0.13508031 0.5867077  0.21962139 0.8183024 ],3.0,0.6318327,0.047823429107666016
124,[0.18081659 0.43286356 0.33440357 0.6795456 ],2.0,0.9988458,0.05065011978149414
124,[0.5111605  0.4877768  0.72065866 0.8217857 ],2.0,0.9988295,0.05065011978149414
124,[0.28771463 0.40811616 0.42635706 0.6184111 ],2.0,0.99790496,0.05065011978149414
124,[0.03254645 0.41403812 0.13864206 0.6155209 ],2.0,0.9909282,0.05065011978149414
124,[0.48229253 0.4211533  0.6277554  0.6689993 ],2.0,0.9655441,0.05065011978149414
124,[0.12573093 0.4292539  0.20444432 0.5368894 ],2.0,0.95487356,0.05065011978149414
124,[0.5684185 0.4011078 0.6718546 0.5094058],2.0,0.9242831,0.05065011978149414
124,[0.42362824 0.45588148 0.47633114 0.5631504 ],3.0,0.8956291,0.05065011978149414
124,[0.4249217  0.39514366 0.47363758 0.5180727 ],0.0,0.7910025,0.05065011978149414
124,[0.6967082  0.40590417 0.7736025  0.540343  ],2.0,0.71715164,0.05065011978149414
124,[0.49933872 0.46821505 0.6945878  0.7238783 ],2.0,0.6980219,0.05065011978149414
124,[0.13598281 0.44191772 0.22088379 0.7829674 ],0.0,0.6642381,0.05065011978149414
124,[0.13476506 0.5838723  0.2198785  0.82203865],3.0,0.6399932,0.05065011978149414
124,[0.14645472 0.6287659  0.2126703  0.7812777 ],3.0,0.6306749,0.05065011978149414
124,[0.00185434 0.3532052  0.04949448 0.74138546],2.0,0.6211243,0.05065011978149414
125,[0.5120936  0.48746252 0.71908563 0.8213849 ],2.0,0.9987158,0.04883098602294922
125,[0.18284953 0.43455535 0.33504736 0.6777589 ],2.0,0.99841547,0.04883098602294922
125,[0.29240263 0.41385776 0.4272948  0.6188391 ],2.0,0.994961,0.04883098602294922
125,[0.03499036 0.41547766 0.14223148 0.61554384],2.0,0.9942203,0.04883098602294922
125,[0.48503578 0.42287794 0.62799203 0.6661522 ],2.0,0.96585196,0.04883098602294922
125,[0.13052058 0.43324977 0.20696366 0.54092926],2.0,0.9219465,0.04883098602294922
125,[0.4247702 0.457003  0.4796553 0.5642166],3.0,0.912745,0.04883098602294922
125,[0.42727134 0.39628845 0.4761134  0.5131336 ],0.0,0.8120285,0.04883098602294922
125,[0.69779    0.40440065 0.774644   0.5418942 ],2.0,0.78374803,0.04883098602294922
125,[0.5695103  0.40276673 0.6711362  0.5050462 ],2.0,0.76763546,0.04883098602294922
125,[0.00096215 0.3698125  0.05370488 0.72396576],2.0,0.7433813,0.04883098602294922
125,[0.5000938  0.4665894  0.6916467  0.71958333],2.0,0.7141688,0.04883098602294922
125,[0.13993037 0.44426617 0.22266713 0.7783108 ],0.0,0.62863374,0.04883098602294922
126,[0.18950337 0.4337171  0.3389166  0.67936885],2.0,0.9990493,0.04791665077209473
126,[0.51277125 0.48271257 0.7151406  0.8110567 ],2.0,0.99894655,0.04791665077209473
126,[0.30318743 0.41570365 0.43722832 0.6251073 ],2.0,0.99519736,0.04791665077209473
126,[0.04243827 0.43291032 0.1485097  0.6130705 ],2.0,0.99334174,0.04791665077209473
126,[0.48560727 0.4213513  0.6288918  0.66829085],2.0,0.96688026,0.04791665077209473
126,[0.13886619 0.43716028 0.21028566 0.5473103 ],2.0,0.9424963,0.04791665077209473
126,[0.43145752 0.3977533  0.4858476  0.5612588 ],0.0,0.90549326,0.04791665077209473
126,[0.5040715 0.4632579 0.6916597 0.7197435],2.0,0.8918509,0.04791665077209473
126,[0.15694258 0.6218986  0.22447205 0.78176826],3.0,0.80020815,0.04791665077209473
126,[0.00104315 0.37735057 0.06792164 0.7176181 ],2.0,0.7931767,0.04791665077209473
126,[0.14491123 0.44881588 0.22400492 0.7744904 ],0.0,0.7598184,0.04791665077209473
126,[0.5663436  0.40768468 0.67573696 0.5070055 ],2.0,0.6924238,0.04791665077209473
126,[0.701807   0.4030373  0.77837765 0.5470221 ],2.0,0.6014098,0.04791665077209473
127,[0.50982714 0.48246217 0.7141546  0.8078395 ],2.0,0.9988914,0.047949790954589844
127,[0.19510993 0.43378234 0.34057269 0.6781727 ],2.0,0.9982708,0.047949790954589844
127,[0.04485136 0.4341549  0.14853461 0.6111046 ],2.0,0.99385494,0.047949790954589844
127,[0.31993195 0.41948402 0.4396983  0.62389076],2.0,0.9903545,0.047949790954589844
127,[0.1405187  0.43765447 0.21020189 0.54664665],2.0,0.9701431,0.047949790954589844
127,[0.48672295 0.42125672 0.62820816 0.66594356],2.0,0.9464413,0.047949790954589844
127,[0.         0.37898618 0.06937987 0.71696967],2.0,0.936128,0.047949790954589844
127,[0.15810443 0.6245774  0.22543971 0.7791586 ],3.0,0.9088739,0.047949790954589844
127,[0.43378794 0.3990198  0.48671746 0.5638452 ],0.0,0.8764775,0.047949790954589844
127,[0.15333605 0.44367015 0.2319923  0.7692486 ],0.0,0.8680759,0.047949790954589844
127,[0.43414974 0.46018285 0.48514193 0.5660835 ],3.0,0.73817396,0.047949790954589844
127,[0.74627936 0.7133125  0.8545166  0.9533526 ],0.0,0.6888449,0.047949790954589844
127,[0.70425063 0.40314785 0.78193897 0.546353  ],7.0,0.63548446,0.047949790954589844
128,[0.50855964 0.48262507 0.7160309  0.80266804],2.0,0.99857587,0.04738807678222656
128,[0.20359096 0.43633428 0.34229037 0.6766503 ],2.0,0.99775904,0.04738807678222656
128,[0.31881654 0.41951606 0.4424554  0.61963075],2.0,0.9960145,0.04738807678222656
128,[0.05015503 0.43220794 0.15123598 0.61137736],2.0,0.990329,0.04738807678222656
128,[0.14191744 0.43865857 0.21096078 0.5458024 ],2.0,0.9691424,0.04738807678222656
128,[0.         0.3714053  0.07344909 0.7243268 ],2.0,0.9640775,0.04738807678222656
128,[0.48649985 0.4177149  0.627024   0.66666645],2.0,0.9238941,0.04738807678222656
128,[0.4392137  0.39712384 0.4875369  0.565078  ],0.0,0.8806368,0.04738807678222656
128,[0.7390886  0.71000636 0.85423714 0.95299435],0.0,0.87203753,0.04738807678222656
128,[0.15130071 0.45212305 0.23867671 0.70856166],0.0,0.86549866,0.04738807678222656
128,[0.70567375 0.40254003 0.7834757  0.5482586 ],2.0,0.822566,0.04738807678222656
128,[0.16107067 0.620026   0.22773293 0.77488244],3.0,0.8045217,0.04738807678222656
128,[0.5047475  0.43065757 0.6295649  0.602923  ],2.0,0.72093236,0.04738807678222656
128,[0.15871571 0.5669711  0.23805614 0.7855666 ],3.0,0.7032705,0.04738807678222656
128,[0.47799596 0.40498298 0.50297105 0.48203117],0.0,0.6600448,0.04738807678222656
128,[0.43834776 0.46158198 0.4862271  0.5657306 ],3.0,0.64392024,0.04738807678222656
129,[0.5078788  0.48254883 0.7164532  0.8032545 ],2.0,0.99829674,0.04787635803222656
129,[0.20329177 0.43654498 0.34211087 0.67628986],2.0,0.99783015,0.04787635803222656
129,[0.3192842  0.41988304 0.44272918 0.6195493 ],2.0,0.99614465,0.04787635803222656
129,[0.05009107 0.4327113  0.15120617 0.61095506],2.0,0.9907129,0.04787635803222656
129,[0.        0.3720717 0.0733707 0.721833 ],2.0,0.97440225,0.04787635803222656
129,[0.14208463 0.43876463 0.21063855 0.5458766 ],2.0,0.96399605,0.04787635803222656
129,[0.48627675 0.4178114  0.62703454 0.66696584],2.0,0.9298687,0.04787635803222656
129,[0.4390365  0.3960305  0.48765272 0.5657761 ],0.0,0.89691246,0.04787635803222656
129,[0.15166298 0.45004964 0.23855013 0.7115383 ],0.0,0.8912599,0.04787635803222656
129,[0.73865074 0.7113114  0.85426944 0.9514548 ],0.0,0.87951285,0.04787635803222656
129,[0.16105841 0.62124455 0.22797288 0.77687955],3.0,0.8568898,0.04787635803222656
129,[0.70547456 0.40220958 0.78358394 0.5482027 ],2.0,0.7906246,0.04787635803222656
129,[0.5046974  0.4304669  0.629657   0.60310006],2.0,0.71031076,0.04787635803222656
129,[0.1583485  0.5648909  0.23818246 0.78626996],3.0,0.6792048,0.04787635803222656
129,[0.47779915 0.40490812 0.5027873  0.4819696 ],0.0,0.6216341,0.04787635803222656
130,[0.5097331  0.48335    0.7174411  0.79939675],2.0,0.9975633,0.052564382553100586
130,[0.20415202 0.43319064 0.3459907  0.678042  ],2.0,0.99680537,0.052564382553100586
130,[0.31796488 0.41518268 0.44684294 0.6178763 ],2.0,0.99673045,0.052564382553100586
130,[0.05392984 0.42915362 0.15461284 0.61213356],2.0,0.9909916,0.052564382553100586
130,[0.         0.3775965  0.07886002 0.7103791 ],2.0,0.9903986,0.052564382553100586
130,[0.1477153  0.43832475 0.21092132 0.5454335 ],2.0,0.95365363,0.052564382553100586
130,[0.49074686 0.41798332 0.623191   0.6639826 ],2.0,0.89959186,0.052564382553100586
130,[0.1574423  0.44899157 0.24142385 0.7650403 ],0.0,0.88877153,0.052564382553100586
130,[0.1653345  0.62126386 0.2312352  0.77743804],3.0,0.8684614,0.052564382553100586
130,[0.73524565 0.68067217 0.85012716 0.9245485 ],0.0,0.76202714,0.052564382553100586
130,[0.44035104 0.39675385 0.490864   0.56299776],0.0,0.7019223,0.052564382553100586
130,[0.70553136 0.39873293 0.7872081  0.5480837 ],7.0,0.6624692,0.052564382553100586
131,[0.31773382 0.41613615 0.4520619  0.61758506],2.0,0.9974696,0.04935956001281738
131,[0.50300896 0.44076353 0.7021444  0.7854553 ],2.0,0.9964772,0.04935956001281738
131,[0.21829075 0.42993057 0.3509822  0.67642546],2.0,0.9957633,0.04935956001281738
131,[0.06053083 0.42629582 0.15487762 0.6103098 ],2.0,0.98648113,0.04935956001281738
131,[1.7149001e-04 3.7951046e-01 8.0238417e-02 7.0025486e-01],2.0,0.983976,0.04935956001281738
131,[0.1652386  0.60069734 0.23345144 0.7614688 ],3.0,0.9134322,0.04935956001281738
131,[0.15868616 0.43868327 0.23919773 0.720158  ],0.0,0.89690393,0.04935956001281738
131,[0.4920643  0.41590157 0.6176483  0.6655674 ],2.0,0.8839475,0.04935956001281738
131,[0.72702885 0.6991907  0.8479463  0.9566552 ],3.0,0.8788101,0.04935956001281738
131,[0.15022096 0.4445839  0.20798403 0.5742496 ],2.0,0.8755649,0.04935956001281738
131,[0.5846543  0.40170792 0.7042945  0.56115127],2.0,0.7858937,0.04935956001281738
131,[0.7281935  0.6697557  0.84566176 0.9297006 ],0.0,0.78365445,0.04935956001281738
131,[0.5007344  0.42787644 0.67922    0.6420006 ],2.0,0.7465712,0.04935956001281738
131,[0.7074671  0.3981247  0.78574    0.54938966],2.0,0.6447112,0.04935956001281738
132,[0.5100841  0.4647841  0.69033116 0.7496993 ],2.0,0.9989762,0.04888129234313965
132,[0.3175419  0.41739798 0.45032305 0.6184293 ],2.0,0.9971543,0.04888129234313965
132,[0.19876134 0.43498498 0.34322983 0.6713895 ],2.0,0.9964312,0.04888129234313965
132,[0.05962127 0.42982742 0.15496594 0.6107874 ],2.0,0.9824211,0.04888129234313965
132,[0.         0.37532926 0.07772057 0.7023107 ],2.0,0.97847027,0.04888129234313965
132,[0.16304345 0.5976481  0.23318972 0.7587145 ],3.0,0.94287235,0.04888129234313965
132,[0.5896224  0.40330702 0.70463526 0.5611117 ],2.0,0.83681995,0.04888129234313965
132,[0.4911327 0.4160987 0.6111203 0.6649301],2.0,0.83014065,0.04888129234313965
132,[0.15548608 0.44232756 0.2385076  0.7139972 ],0.0,0.8202871,0.04888129234313965
132,[0.7058749 0.4015846 0.7832328 0.5489153],2.0,0.72878397,0.04888129234313965
132,[0.7165577  0.6752186  0.82375616 0.92539024],0.0,0.72153187,0.04888129234313965
132,[0.7130947  0.69475055 0.8315021  0.952752  ],3.0,0.70534074,0.04888129234313965
132,[0.1521727  0.44423687 0.21089064 0.5425363 ],2.0,0.6279773,0.04888129234313965
133,[0.3153863  0.4164811  0.442353   0.61816037],2.0,0.99743664,0.0486903190612793
133,[0.20100155 0.43192336 0.33466133 0.6701642 ],2.0,0.9969264,0.0486903190612793
133,[0.50352955 0.4717837  0.68290484 0.7435064 ],2.0,0.99572355,0.0486903190612793
133,[0.05476738 0.42897284 0.14711435 0.6109998 ],2.0,0.99050087,0.0486903190612793
133,[0.         0.3753159  0.07422577 0.6982316 ],2.0,0.9626905,0.0486903190612793
133,[0.15942556 0.5974828  0.22815338 0.7580918 ],3.0,0.96015865,0.0486903190612793
133,[0.14992055 0.43582565 0.23436612 0.7178882 ],0.0,0.87508273,0.0486903190612793
133,[0.4891872  0.42111203 0.6033667  0.6624447 ],2.0,0.8705529,0.0486903190612793
133,[0.14446068 0.44395506 0.20318282 0.53533906],2.0,0.7536823,0.0486903190612793
133,[0.6991287  0.4001463  0.7751877  0.54877466],7.0,0.65021807,0.0486903190612793
133,[0.18200667 0.722573   0.6289545  0.99329025],2.0,0.6074228,0.0486903190612793
134,[0.31550714 0.41659236 0.4426076  0.617687  ],2.0,0.99762326,0.052681922912597656
134,[0.20256251 0.4324189  0.33482212 0.66959494],2.0,0.99719054,0.052681922912597656
134,[0.50370044 0.47209007 0.68299323 0.7445174 ],2.0,0.99623615,0.052681922912597656
134,[0.05513499 0.42866907 0.14682737 0.6108026 ],2.0,0.99099725,0.052681922912597656
134,[0.         0.3711124  0.07467317 0.6743751 ],2.0,0.96420634,0.052681922912597656
134,[0.15943877 0.59754145 0.2276644  0.757828  ],3.0,0.9553891,0.052681922912597656
134,[0.14972797 0.4373236  0.23471528 0.71661997],0.0,0.87912124,0.052681922912597656
134,[0.48901373 0.4205976  0.602554   0.6632779 ],2.0,0.86213416,0.052681922912597656
134,[0.14448224 0.44359425 0.20367487 0.53534544],2.0,0.7786227,0.052681922912597656
134,[0.69881    0.39940548 0.77568257 0.54864067],7.0,0.63223153,0.052681922912597656
135,[0.19933626 0.43575054 0.32965252 0.665337  ],2.0,0.99789405,0.049797773361206055
135,[0.3053763  0.41470927 0.43850923 0.61818224],2.0,0.9977407,0.049797773361206055
135,[0.492862   0.46030533 0.6838944  0.7700883 ],2.0,0.99612683,0.049797773361206055
135,[0.05177035 0.42958868 0.14239614 0.61029696],2.0,0.9899459,0.049797773361206055
135,[0.15438798 0.59613746 0.22460952 0.75885993],3.0,0.9580702,0.049797773361206055
135,[0.         0.36864296 0.07126285 0.67373776],2.0,0.9467895,0.049797773361206055
135,[0.69407064 0.40265012 0.7702667  0.54723454],7.0,0.7703059,0.049797773361206055
135,[0.14587432 0.43377656 0.2237257  0.72623926],0.0,0.72110754,0.049797773361206055
135,[0.4870579  0.42369145 0.5972227  0.6082465 ],2.0,0.7200892,0.049797773361206055
135,[0.43201905 0.40389973 0.48933202 0.56176466],2.0,0.68331516,0.049797773361206055
136,[0.2970227  0.41648215 0.42664605 0.61257106],2.0,0.9988173,0.04902195930480957
136,[0.13320708 0.4092565  0.31940803 0.6593213 ],2.0,0.99294513,0.04902195930480957
136,[0.03908782 0.4206108  0.13241039 0.61069   ],2.0,0.9926637,0.04902195930480957
136,[0.47537413 0.4535607  0.65802723 0.75458467],2.0,0.9907332,0.04902195930480957
136,[0.14390564 0.59748584 0.20953932 0.7482987 ],3.0,0.96276283,0.04902195930480957
136,[0.19627896 0.4299493  0.31707236 0.6601027 ],2.0,0.8595429,0.04902195930480957
136,[0.67328495 0.6985053  0.78615373 0.95622027],3.0,0.8098258,0.04902195930480957
136,[0.         0.36915737 0.05742758 0.6682947 ],2.0,0.7760542,0.04902195930480957
136,[0.4624025  0.41355792 0.57856613 0.62276495],2.0,0.75924146,0.04902195930480957
136,[0.56461644 0.4008578  0.67798805 0.5624224 ],2.0,0.7278263,0.04902195930480957
136,[0.68524015 0.3863775  0.7573968  0.54064107],5.0,0.699679,0.04902195930480957
136,[0.40909368 0.34883076 0.5001484  0.5609873 ],7.0,0.6595687,0.04902195930480957
136,[0.21049605 0.38216504 0.3201616  0.45543376],2.0,0.6265565,0.04902195930480957
136,[0.13481861 0.43304563 0.21531472 0.71802664],0.0,0.6188566,0.04902195930480957
137,[0.2897433  0.41546124 0.42572546 0.60978514],2.0,0.99886525,0.054821014404296875
137,[0.46926194 0.44826052 0.6512378  0.7503412 ],2.0,0.99323505,0.054821014404296875
137,[0.12762032 0.41231653 0.3154379  0.6539038 ],2.0,0.9928457,0.054821014404296875
137,[0.03450538 0.42239103 0.12534204 0.60934323],2.0,0.98638666,0.054821014404296875
137,[0.13587785 0.59221923 0.20593181 0.743183  ],3.0,0.9063439,0.054821014404296875
137,[0.6640138  0.7114717  0.76354855 0.94896424],3.0,0.8567716,0.054821014404296875
137,[0.56759584 0.39899263 0.67265856 0.5609756 ],2.0,0.84005857,0.054821014404296875
137,[0.45893103 0.411109   0.5797499  0.6250628 ],2.0,0.8028913,0.054821014404296875
137,[1.5573949e-04 3.5074723e-01 5.1848479e-02 6.7739201e-01],2.0,0.78165543,0.054821014404296875
137,[0.19467615 0.42733073 0.31280276 0.6588812 ],2.0,0.7603683,0.054821014404296875
137,[0.20611058 0.377406   0.31517455 0.45549577],2.0,0.6908644,0.054821014404296875
137,[0.41487977 0.40447843 0.47440383 0.55711216],2.0,0.61645263,0.054821014404296875
138,[0.28529987 0.413695   0.42131594 0.6086799 ],2.0,0.99862856,0.048703908920288086
138,[0.46433452 0.4511798  0.64818805 0.7470159 ],2.0,0.9955954,0.048703908920288086
138,[0.17481332 0.42625758 0.30451578 0.657332  ],2.0,0.9955788,0.048703908920288086
138,[0.02884371 0.41952246 0.11696299 0.6085039 ],2.0,0.98091143,0.048703908920288086
138,[0.13126215 0.5886325  0.19996053 0.7373181 ],3.0,0.91106987,0.048703908920288086
138,[0.5649533  0.397811   0.66789436 0.56110907],2.0,0.85146993,0.048703908920288086
138,[0.6594676  0.7067826  0.7551354  0.94740283],3.0,0.83861774,0.048703908920288086
138,[0.12478717 0.43123156 0.20360251 0.7180162 ],0.0,0.7163718,0.048703908920288086
138,[0.         0.35416698 0.04825131 0.675403  ],2.0,0.6963971,0.048703908920288086
138,[0.19993386 0.37475938 0.31174782 0.45687377],2.0,0.6034356,0.048703908920288086
139,[0.28467214 0.41336817 0.42170864 0.60780114],2.0,0.9988204,0.048418283462524414
139,[0.4579866  0.44518578 0.64774597 0.722064  ],2.0,0.9973249,0.048418283462524414
139,[0.17426598 0.42586046 0.3039449  0.65684134],2.0,0.9950516,0.048418283462524414
139,[0.02905485 0.4194714  0.11724143 0.6081172 ],2.0,0.98108417,0.048418283462524414
139,[0.13137582 0.5891591  0.20053846 0.7377836 ],3.0,0.9222618,0.048418283462524414
139,[0.6582436  0.70826143 0.7553497  0.9473024 ],3.0,0.8509823,0.048418283462524414
139,[0.56483525 0.39760953 0.6678273  0.5606501 ],2.0,0.8321057,0.048418283462524414
139,[0.         0.35420355 0.04817292 0.6758616 ],2.0,0.7062234,0.048418283462524414
139,[0.1246901  0.4315217  0.20368375 0.71722525],0.0,0.684866,0.048418283462524414
140,[0.28325433 0.41300812 0.41891122 0.6061137 ],2.0,0.99878657,0.05537271499633789
140,[0.45732105 0.44847178 0.64260364 0.73956895],2.0,0.9982762,0.05537271499633789
140,[0.17593095 0.4211259  0.3008781  0.6603911 ],2.0,0.9931973,0.05537271499633789
140,[0.02839562 0.41569832 0.11686036 0.6089947 ],2.0,0.9811175,0.05537271499633789
140,[0.6415868 0.6440383 0.751914  0.9482026],3.0,0.9300541,0.05537271499633789
140,[0.5574259  0.39815372 0.66830033 0.56285286],2.0,0.91769737,0.05537271499633789
140,[0.13028061 0.57287    0.19933474 0.7265476 ],3.0,0.8367926,0.05537271499633789
140,[0.         0.35837877 0.04906439 0.6695378 ],2.0,0.7643382,0.05537271499633789
140,[0.12371367 0.42789012 0.20144022 0.72021955],0.0,0.7537558,0.05537271499633789
140,[0.12019278 0.68415856 0.46908236 1.        ],2.0,0.6326356,0.05537271499633789
141,[0.28434676 0.41651908 0.42329293 0.61098915],2.0,0.9984378,0.05721092224121094
141,[0.4581331  0.44118565 0.6395441  0.7184562 ],2.0,0.99593884,0.05721092224121094
141,[0.1803162  0.4191065  0.30086854 0.6604212 ],2.0,0.9918731,0.05721092224121094
141,[0.03142763 0.41863793 0.11834215 0.60850936],2.0,0.9875956,0.05721092224121094
141,[0.13307767 0.6754247  0.43396997 0.9934169 ],2.0,0.9629408,0.05721092224121094
141,[0.5549772  0.3977726  0.66911197 0.5656626 ],2.0,0.96275705,0.05721092224121094
141,[0.6274824  0.63768893 0.7370237  0.9502303 ],3.0,0.9598922,0.05721092224121094
141,[0.66429394 0.40298712 0.7417957  0.54399973],2.0,0.7815004,0.05721092224121094
141,[1.4287792e-04 3.6050826e-01 4.9831808e-02 6.6887039e-01],2.0,0.76904494,0.05721092224121094
141,[0.13142318 0.5700375  0.19807866 0.72171605],3.0,0.69040775,0.05721092224121094
142,[0.2900774  0.41753024 0.42595595 0.6091346 ],2.0,0.99820423,0.05357789993286133
142,[0.45677942 0.44164157 0.6388108  0.7180439 ],2.0,0.9961505,0.05357789993286133
142,[0.17608209 0.42063743 0.3014794  0.66056865],2.0,0.99315375,0.05357789993286133
142,[0.03358446 0.41653964 0.12244768 0.6086605 ],2.0,0.9849073,0.05357789993286133
142,[0.1268635  0.6705344  0.42981017 0.98737144],2.0,0.9463983,0.05357789993286133
142,[0.56188273 0.39968356 0.6713357  0.56376565],2.0,0.88980895,0.05357789993286133
142,[1.6768277e-04 3.6591381e-01 5.1721163e-02 6.6449922e-01],2.0,0.79563683,0.05357789993286133
142,[0.6331584  0.69302845 0.7277929  0.94981456],3.0,0.7905403,0.05357789993286133
142,[0.1344953  0.5698439  0.19927613 0.72212005],3.0,0.7884295,0.05357789993286133
142,[0.12701704 0.43141657 0.20425133 0.7205799 ],0.0,0.6210979,0.05357789993286133
143,[0.2860005  0.41555753 0.423518   0.6092963 ],2.0,0.9984746,0.04998636245727539
143,[0.17880017 0.41331527 0.2975247  0.6622104 ],2.0,0.99369675,0.04998636245727539
143,[0.449041   0.4364359  0.6345885  0.71805453],2.0,0.9845291,0.04998636245727539
143,[0.03024229 0.41860723 0.11746822 0.6056793 ],2.0,0.98356026,0.04998636245727539
143,[0.5632452  0.3991239  0.66692483 0.5645075 ],2.0,0.95357597,0.04998636245727539
143,[0.15066487 0.63791513 0.41707504 0.95714295],2.0,0.9125113,0.04998636245727539
143,[0.62274057 0.6455768  0.7213164  0.9420386 ],3.0,0.90356106,0.04998636245727539
143,[0.         0.36433518 0.04915224 0.66306806],2.0,0.7494613,0.04998636245727539
143,[0.13157971 0.56498015 0.19690077 0.71714556],3.0,0.74095863,0.04998636245727539
143,[0.6641891  0.40610358 0.73709774 0.5433053 ],2.0,0.6107915,0.04998636245727539
144,[0.28636402 0.4154182  0.4247871  0.6103539 ],2.0,0.99809825,0.05006885528564453
144,[0.18173203 0.4155937  0.2982728  0.6611595 ],2.0,0.99300075,0.05006885528564453
144,[0.43880048 0.4400679  0.6336977  0.7161553 ],2.0,0.98489416,0.05006885528564453
144,[0.03122617 0.4171492  0.11756073 0.6056911 ],2.0,0.98417264,0.05006885528564453
144,[0.5646503  0.39960077 0.66627216 0.5646516 ],2.0,0.92611015,0.05006885528564453
144,[0.14743124 0.6423025  0.42132682 0.9496418 ],2.0,0.9187473,0.05006885528564453
144,[0.6202014  0.6478021  0.72271436 0.94388413],3.0,0.91712826,0.05006885528564453
144,[0.13204198 0.56414425 0.19610171 0.7169529 ],3.0,0.7988471,0.05006885528564453
144,[0.         0.3672195  0.04955969 0.6608959 ],2.0,0.79790705,0.05006885528564453
144,[0.4499095  0.43204266 0.5962413  0.65742177],2.0,0.6768176,0.05006885528564453
144,[0.66424555 0.40409485 0.7373075  0.5432806 ],2.0,0.60209346,0.05006885528564453
145,[0.2809499  0.41205907 0.42391312 0.60579944],2.0,0.9979047,0.04973912239074707
145,[0.17746156 0.40528256 0.29701054 0.63970906],2.0,0.9930259,0.04973912239074707
145,[0.43801945 0.43923587 0.63043743 0.7174912 ],2.0,0.98403007,0.04973912239074707
145,[0.02703501 0.41650164 0.11400115 0.598714  ],2.0,0.97663987,0.04973912239074707
145,[0.14353105 0.63236886 0.4189274  0.94937867],2.0,0.92229533,0.04973912239074707
145,[0.5640681  0.39971513 0.66512346 0.5569637 ],2.0,0.91970986,0.04973912239074707
145,[0.61568606 0.6537311  0.7159147  0.93789566],3.0,0.9099777,0.04973912239074707
145,[0.         0.36901563 0.05046511 0.654646  ],2.0,0.8108643,0.04973912239074707
145,[0.1319879  0.5632285  0.19255856 0.7151338 ],3.0,0.7502045,0.04973912239074707
145,[0.12309407 0.4203558  0.20115753 0.6726177 ],0.0,0.7446597,0.04973912239074707
145,[0.19106519 0.37914386 0.30167484 0.4701728 ],2.0,0.7243483,0.04973912239074707
146,[0.2775109  0.4084174  0.41890505 0.6042152 ],2.0,0.9975239,0.048650503158569336
146,[0.43205404 0.4281577  0.6182617  0.6747699 ],2.0,0.99489844,0.048650503158569336
146,[0.17134172 0.4005968  0.2901163  0.64034635],2.0,0.9944817,0.048650503158569336
146,[0.02403814 0.41509908 0.11050051 0.5941544 ],2.0,0.9720201,0.048650503158569336
146,[0.6003341 0.6501804 0.694848  0.933412 ],3.0,0.963033,0.048650503158569336
146,[0.5638893  0.39550427 0.66014737 0.56058395],2.0,0.9408667,0.048650503158569336
146,[0.12959385 0.6338219  0.4079649  0.9518458 ],2.0,0.939177,0.048650503158569336
146,[0.19220531 0.37644994 0.29772103 0.46735287],2.0,0.7876344,0.048650503158569336
146,[0.6553116  0.40375447 0.7242514  0.54085386],2.0,0.74456215,0.048650503158569336
146,[4.9489178e-04 3.6268163e-01 3.7206985e-02 6.5615451e-01],2.0,0.73111767,0.048650503158569336
146,[0.11799447 0.4135748  0.18904032 0.68335104],0.0,0.6903731,0.048650503158569336
146,[0.12175687 0.42638394 0.18577962 0.7197329 ],3.0,0.642174,0.048650503158569336
146,[0.12257946 0.53567606 0.18522644 0.69571966],3.0,0.60864663,0.048650503158569336
146,[0.35537726 0.19593    0.38644755 0.23783484],9.0,0.6050082,0.048650503158569336
147,[0.4257757  0.41925168 0.6186734  0.6879077 ],2.0,0.9982965,0.05040574073791504
147,[0.27590343 0.40664473 0.41881934 0.6021128 ],2.0,0.9977476,0.05040574073791504
147,[0.17209342 0.39392862 0.28751996 0.6388515 ],2.0,0.99433875,0.05040574073791504
147,[0.02376917 0.39817518 0.10904108 0.58636785],2.0,0.9718745,0.05040574073791504
147,[0.5623173  0.39413092 0.65499395 0.5555632 ],2.0,0.9533896,0.05040574073791504
147,[0.59583443 0.6522865  0.6913118  0.92835486],3.0,0.9384223,0.05040574073791504
147,[0.1311099  0.624046   0.39727324 0.95508534],2.0,0.9132321,0.05040574073791504
147,[0.11727051 0.4101933  0.18794759 0.68142927],0.0,0.90646017,0.05040574073791504
147,[0.6495811  0.39541844 0.7200786  0.52952576],2.0,0.8147158,0.05040574073791504
147,[0.18860467 0.3732165  0.29745463 0.46337366],2.0,0.79476774,0.05040574073791504
147,[0.12260986 0.53870875 0.1834491  0.6851639 ],3.0,0.673151,0.05040574073791504
147,[0.12070485 0.43432397 0.18531287 0.7088174 ],3.0,0.67248863,0.05040574073791504
147,[0.00116714 0.36075675 0.03591038 0.6563134 ],2.0,0.61764544,0.05040574073791504
148,[0.27267182 0.40970457 0.42087954 0.59527636],2.0,0.998155,0.05155134201049805
148,[0.422256   0.41885284 0.61480904 0.68277526],2.0,0.9980079,0.05155134201049805
148,[0.1737091  0.3949615  0.28492498 0.6292805 ],2.0,0.993957,0.05155134201049805
148,[0.02497572 0.39700562 0.10919058 0.5816234 ],2.0,0.9765695,0.05155134201049805
148,[0.59008247 0.64986795 0.6865892  0.9294955 ],3.0,0.96529657,0.05155134201049805
148,[0.12440413 0.39482772 0.30828828 0.6366483 ],2.0,0.91346174,0.05155134201049805
148,[0.11842325 0.40235952 0.18567061 0.6826035 ],0.0,0.9000289,0.05155134201049805
148,[0.13255028 0.61450183 0.38977063 0.9468806 ],2.0,0.85477984,0.05155134201049805
148,[0.1907718  0.3704801  0.29646438 0.46061167],2.0,0.73791456,0.05155134201049805
148,[0.55994195 0.39058724 0.6545765  0.5557778 ],2.0,0.71161574,0.05155134201049805
148,[0.12295227 0.54034555 0.1806253  0.6800947 ],3.0,0.625558,0.05155134201049805
149,[0.4212881  0.41898692 0.61400795 0.6844826 ],2.0,0.99840724,0.049211978912353516
149,[0.2725226  0.41015792 0.42098483 0.59454   ],2.0,0.99805975,0.049211978912353516
149,[0.17368843 0.39490074 0.28526455 0.6292934 ],2.0,0.99405205,0.049211978912353516
149,[0.02488761 0.39711627 0.10931613 0.5810133 ],2.0,0.9768887,0.049211978912353516
149,[0.5874103  0.6074496  0.68984467 0.92681164],3.0,0.9641798,0.049211978912353516
149,[0.12517864 0.39503014 0.30931267 0.63738394],2.0,0.91133076,0.049211978912353516
149,[0.11849667 0.40157044 0.18579097 0.68237734],0.0,0.89812726,0.049211978912353516
149,[0.13217482 0.61471003 0.3902835  0.9469562 ],2.0,0.89102536,0.049211978912353516
149,[0.5610425  0.39084822 0.6544021  0.5560853 ],2.0,0.7705321,0.049211978912353516
149,[0.19077557 0.3708761  0.29648516 0.46078065],2.0,0.73351794,0.049211978912353516
150,[0.28126276 0.3944401  0.41351622 0.5875961 ],2.0,0.99729294,0.05367732048034668
150,[0.42091566 0.41749746 0.610141   0.6751767 ],2.0,0.9962024,0.05367732048034668
150,[0.17150281 0.39215073 0.28316927 0.6242847 ],2.0,0.9922891,0.05367732048034668
150,[0.5841872  0.6095212  0.68429774 0.9172308 ],3.0,0.9859037,0.05367732048034668
150,[0.02544691 0.4051088  0.10885655 0.56527174],2.0,0.9827601,0.05367732048034668
150,[0.12468733 0.60580003 0.3967929  0.96831274],2.0,0.9700479,0.05367732048034668
150,[0.12438384 0.39592063 0.30663225 0.62898576],2.0,0.88778216,0.05367732048034668
150,[0.651816   0.38838604 0.7161567  0.52795196],2.0,0.875295,0.05367732048034668
150,[0.1874733  0.36829567 0.29432797 0.45858693],2.0,0.78205514,0.05367732048034668
150,[0.56711984 0.40475267 0.65529656 0.54265213],2.0,0.7774176,0.05367732048034668
150,[0.11741753 0.39931342 0.18737416 0.63816774],0.0,0.73393995,0.05367732048034668
151,[0.28000277 0.38695413 0.41167796 0.572247  ],2.0,0.99896127,0.04819536209106445
151,[0.17128275 0.37629712 0.28246796 0.602476  ],2.0,0.9974233,0.04819536209106445
151,[0.41716242 0.40215787 0.5967494  0.6449102 ],2.0,0.9948221,0.04819536209106445
151,[0.57466644 0.6296994  0.66269547 0.89863676],3.0,0.98363364,0.04819536209106445
151,[0.0964444  0.5884919  0.36777297 0.97787035],2.0,0.9789878,0.04819536209106445
151,[0.02384618 0.387012   0.1073561  0.5690255 ],2.0,0.95922863,0.04819536209106445
151,[0.11481033 0.38668227 0.18526858 0.6327758 ],0.0,0.9577752,0.04819536209106445
151,[0.5747368  0.562093   0.66520184 0.8520169 ],0.0,0.892497,0.04819536209106445
151,[0.12105974 0.51563585 0.173426   0.6452944 ],3.0,0.8291167,0.04819536209106445
151,[0.56028116 0.36899558 0.6506454  0.53525007],5.0,0.6936529,0.04819536209106445
151,[0.64380586 0.3697428  0.7140795  0.5176377 ],2.0,0.68724126,0.04819536209106445
151,[0.19270912 0.34638092 0.2904439  0.44781056],2.0,0.67156917,0.04819536209106445
151,[3.8236193e-04 3.4592453e-01 3.6042377e-02 6.2091911e-01],2.0,0.66161054,0.04819536209106445
151,[0.1306099  0.3972284  0.30674082 0.61615926],2.0,0.65699553,0.04819536209106445
152,[0.27760047 0.3839821  0.41505837 0.5679876 ],2.0,0.9991789,0.0480349063873291
152,[0.17321286 0.37043506 0.28069434 0.5983286 ],2.0,0.9984245,0.0480349063873291
152,[0.4160961  0.39664757 0.5968456  0.64337265],2.0,0.99618185,0.0480349063873291
152,[0.0985077 0.5804386 0.3650092 0.9773369],2.0,0.98384887,0.0480349063873291
152,[0.0217588  0.38529587 0.11087026 0.5642934 ],2.0,0.9781666,0.0480349063873291
152,[0.57133466 0.6259837  0.6610597  0.8958421 ],3.0,0.9387531,0.0480349063873291
152,[0.11705385 0.3801415  0.18521555 0.6359091 ],0.0,0.9027034,0.0480349063873291
152,[0.5618459  0.36454397 0.65139294 0.529926  ],2.0,0.8267887,0.0480349063873291
152,[0.6449981  0.3685882  0.7135416  0.51568466],2.0,0.72995186,0.0480349063873291
152,[4.2553060e-04 3.4193954e-01 3.7391596e-02 6.2058711e-01],2.0,0.7166492,0.0480349063873291
152,[0.19041122 0.34530956 0.2925086  0.4425587 ],2.0,0.70490354,0.0480349063873291
152,[0.56815696 0.5604356  0.664889   0.857264  ],0.0,0.6715578,0.0480349063873291
152,[0.12315204 0.5169969  0.17369053 0.63103384],3.0,0.64571506,0.0480349063873291
153,[0.27503833 0.3834828  0.42098972 0.56190854],2.0,0.9987418,0.0539860725402832
153,[0.17466429 0.36933222 0.27928808 0.59273404],2.0,0.9978377,0.0539860725402832
153,[0.4152452  0.39380306 0.5969652  0.6432591 ],2.0,0.9949135,0.0539860725402832
153,[0.56906986 0.5911522  0.6621357  0.87648225],3.0,0.97985154,0.0539860725402832
153,[0.02294857 0.38449857 0.11089694 0.56278026],2.0,0.9745351,0.0539860725402832
153,[0.10495612 0.56767094 0.36356714 0.9822495 ],2.0,0.9714603,0.0539860725402832
153,[0.56300366 0.363356   0.6535132  0.52715987],2.0,0.8943482,0.0539860725402832
153,[0.13218737 0.36094284 0.3026444  0.5915822 ],2.0,0.8930964,0.0539860725402832
153,[0.1163225  0.38548625 0.18936674 0.5927603 ],0.0,0.84533453,0.0539860725402832
153,[0.13409624 0.5935985  0.34630072 0.87235093],2.0,0.74882144,0.0539860725402832
153,[0.56620073 0.5635678  0.66378    0.85166556],0.0,0.6569533,0.0539860725402832
153,[0.00078139 0.3371998  0.03848103 0.6192776 ],2.0,0.64913917,0.0539860725402832
153,[0.19104211 0.3444245  0.2941324  0.44511145],2.0,0.6394855,0.0539860725402832
153,[0.6461642  0.35374558 0.71181107 0.50536495],2.0,0.63311887,0.0539860725402832
154,[0.27473116 0.38290644 0.421714   0.5631438 ],2.0,0.99877346,0.04976463317871094
154,[0.1750523  0.36951566 0.27906463 0.59310114],2.0,0.99790114,0.04976463317871094
154,[0.41469517 0.39384872 0.59708875 0.6437412 ],2.0,0.99577713,0.04976463317871094
154,[0.02275952 0.38454342 0.11102671 0.5628211 ],2.0,0.97414124,0.04976463317871094
154,[0.10269673 0.56610537 0.36271197 0.9830799 ],2.0,0.9733966,0.04976463317871094
154,[0.5688127  0.58653957 0.66254175 0.8792178 ],3.0,0.9721163,0.04976463317871094
154,[0.5629366  0.3632228  0.6534954  0.52707446],2.0,0.901715,0.04976463317871094
154,[0.13183847 0.3606639  0.30346748 0.5920462 ],2.0,0.8861571,0.04976463317871094
154,[0.11689929 0.3858304  0.1892539  0.592712  ],0.0,0.87802225,0.04976463317871094
154,[0.13300744 0.59204894 0.34398556 0.87163466],2.0,0.8333311,0.04976463317871094
154,[0.64665663 0.35727954 0.7117797  0.5027123 ],2.0,0.70336545,0.04976463317871094
154,[0.00117215 0.33791417 0.03848162 0.61794853],2.0,0.66239554,0.04976463317871094
154,[0.1917218  0.3443975  0.29425794 0.44468355],2.0,0.64533556,0.04976463317871094
154,[0.56634504 0.56253374 0.6639852  0.8543712 ],0.0,0.6222504,0.04976463317871094
155,[0.279129   0.38497162 0.4233754  0.5562851 ],2.0,0.9987966,0.048047542572021484
155,[0.17856923 0.36771452 0.28285605 0.58810437],2.0,0.99855006,0.048047542572021484
155,[0.41656116 0.39237615 0.597965   0.6405362 ],2.0,0.99559516,0.048047542572021484
155,[0.56951547 0.5938126  0.6605016  0.8712611 ],3.0,0.98702526,0.048047542572021484
155,[0.09726062 0.56134015 0.36301348 0.97639376],2.0,0.97986436,0.048047542572021484
155,[0.02556387 0.369008   0.1122545  0.556775  ],2.0,0.9680707,0.048047542572021484
155,[0.5638207  0.36441123 0.66071403 0.5251597 ],2.0,0.9464377,0.048047542572021484
155,[0.1339205  0.3577168  0.30674183 0.58913624],2.0,0.9192901,0.048047542572021484
155,[0.12333356 0.38265815 0.19474499 0.5877356 ],0.0,0.8805477,0.048047542572021484
155,[0.12979944 0.5925684  0.34385145 0.8701341 ],2.0,0.77555686,0.048047542572021484
155,[0.5638318  0.53341955 0.6619216  0.8167506 ],0.0,0.70570105,0.048047542572021484
155,[5.7655573e-04 3.4174669e-01 4.4498865e-02 6.1232144e-01],2.0,0.700557,0.048047542572021484
155,[0.65167    0.35489327 0.71524394 0.50316375],2.0,0.66427463,0.048047542572021484
155,[0.04489076 0.8715042  0.16534899 0.9949968 ],2.0,0.6179831,0.048047542572021484
155,[0.19287324 0.34199667 0.2963297  0.44702488],2.0,0.613981,0.048047542572021484
155,[0.92098176 0.3343499  0.95024407 0.4328049 ],0.0,0.6125463,0.048047542572021484
156,[0.29050964 0.3632888  0.42507523 0.543888  ],2.0,0.9987886,0.04877662658691406
156,[0.42268515 0.37547415 0.59491587 0.6079775 ],2.0,0.99670815,0.04877662658691406
156,[0.18191384 0.34888327 0.2919313  0.57130414],2.0,0.99372196,0.04877662658691406
156,[0.5678984  0.55556035 0.6589955  0.84992707],3.0,0.987581,0.04877662658691406
156,[0.0407944  0.37706712 0.11745889 0.54069054],2.0,0.98738074,0.04877662658691406
156,[0.13237157 0.56881213 0.3441719  0.8398851 ],2.0,0.9849482,0.04877662658691406
156,[0.12509285 0.37048775 0.20224695 0.5815009 ],0.0,0.93721503,0.04877662658691406
156,[0.         0.32165378 0.05291811 0.59907156],2.0,0.76839167,0.04877662658691406
156,[0.57124245 0.33290964 0.6649927  0.5184837 ],2.0,0.7650633,0.04877662658691406
157,[0.29989138 0.36113963 0.42970905 0.5341322 ],2.0,0.9987003,0.047945261001586914
157,[0.42528185 0.368097   0.5958987  0.60962474],2.0,0.9980263,0.047945261001586914
157,[0.18182613 0.35080996 0.29493368 0.55480623],2.0,0.99678546,0.047945261001586914
157,[0.04039355 0.374368   0.11998239 0.53116786],2.0,0.9896264,0.047945261001586914
157,[0.5686036  0.55426466 0.6580797  0.84456503],3.0,0.9842019,0.047945261001586914
157,[0.10849705 0.5310576  0.3568993  0.88690877],2.0,0.97478026,0.047945261001586914
157,[0.12647939 0.35945743 0.20356527 0.5525501 ],0.0,0.86834556,0.047945261001586914
157,[0.5746106  0.33706945 0.6657753  0.51009333],2.0,0.8579416,0.047945261001586914
157,[0.2059802  0.322967   0.30741233 0.5300016 ],2.0,0.7940372,0.047945261001586914
157,[1.7889030e-04 3.1659609e-01 5.6844294e-02 5.9635222e-01],2.0,0.77333665,0.047945261001586914
157,[0.6575483  0.34382427 0.723256   0.49017054],2.0,0.75669146,0.047945261001586914
158,[0.3057963  0.3605346  0.43196335 0.5236284 ],2.0,0.9990293,0.047644853591918945
158,[0.18648787 0.3510334  0.29685843 0.54622173],2.0,0.99732673,0.047644853591918945
158,[0.42635596 0.3626705  0.59473586 0.6069535 ],2.0,0.9945846,0.047644853591918945
158,[0.04311322 0.36736888 0.12415253 0.5266145 ],2.0,0.9869576,0.047644853591918945
158,[0.5689954  0.56277263 0.6572563  0.8316834 ],3.0,0.9853226,0.047644853591918945
158,[0.107612  0.5277556 0.3590151 0.8929076],2.0,0.98320884,0.047644853591918945
158,[0.13079482 0.35831952 0.20677263 0.54667896],0.0,0.9755295,0.047644853591918945
158,[0.5751846  0.33558655 0.6671103  0.50847024],2.0,0.8813126,0.047644853591918945
158,[0.12722188 0.5687312  0.3432993  0.82048786],2.0,0.87140995,0.047644853591918945
158,[0.         0.32370937 0.05957501 0.58892417],2.0,0.84532905,0.047644853591918945
158,[0.6590739  0.34273097 0.72373194 0.4880887 ],2.0,0.69648975,0.047644853591918945
158,[0.35384196 0.14351305 0.38558942 0.18890208],9.0,0.6355169,0.047644853591918945
158,[0.563019   0.4938146  0.6573891  0.79374206],0.0,0.60339475,0.047644853591918945
159,[0.30593336 0.3606454  0.43166316 0.52352667],2.0,0.99902976,0.04847359657287598
159,[0.18656667 0.35016507 0.29678133 0.546944  ],2.0,0.9971158,0.04847359657287598
159,[0.42639703 0.3632855  0.59446007 0.6080748 ],2.0,0.9936942,0.04847359657287598
159,[0.569258   0.5607858  0.65708864 0.8336115 ],3.0,0.9893106,0.04847359657287598
159,[0.04305704 0.36746216 0.12399277 0.52680904],2.0,0.98661804,0.04847359657287598
159,[0.10747801 0.5268513  0.35866588 0.89494514],2.0,0.98388886,0.04847359657287598
159,[0.13125443 0.35807014 0.20720091 0.5477293 ],0.0,0.97593963,0.04847359657287598
159,[0.5752306  0.33536527 0.6673634  0.50832087],2.0,0.87122387,0.04847359657287598
159,[0.12679836 0.56871474 0.3421795  0.8211174 ],2.0,0.8530916,0.04847359657287598
159,[0.         0.3246778  0.05974381 0.58874035],2.0,0.851696,0.04847359657287598
159,[0.5628168  0.49050418 0.65687233 0.7967458 ],0.0,0.7284891,0.04847359657287598
159,[0.6597636  0.34348556 0.72412694 0.48798046],2.0,0.6868496,0.04847359657287598
159,[0.35394114 0.14357495 0.38561267 0.18894404],9.0,0.6545179,0.04847359657287598
160,[0.30764094 0.35997093 0.43566403 0.520502  ],2.0,0.99845386,0.055444955825805664
160,[0.1896571  0.35319036 0.29780406 0.54562956],2.0,0.9977492,0.055444955825805664
160,[0.4287517  0.35834768 0.59891856 0.6057359 ],2.0,0.9931312,0.055444955825805664
160,[0.5671559 0.5330313 0.6563962 0.8139867],3.0,0.9928586,0.055444955825805664
160,[0.04889742 0.36945736 0.12731138 0.5293653 ],2.0,0.9874046,0.055444955825805664
160,[0.10700656 0.52528745 0.35805476 0.8933211 ],2.0,0.98495793,0.055444955825805664
160,[0.14298792 0.3587699  0.20852326 0.5423164 ],0.0,0.95639896,0.055444955825805664
160,[0.         0.3265219  0.07145558 0.58374846],2.0,0.9170592,0.055444955825805664
160,[0.57560325 0.33772498 0.668496   0.50802535],2.0,0.89364284,0.055444955825805664
160,[0.12757955 0.5700429  0.34221697 0.8192093 ],2.0,0.86595404,0.055444955825805664
161,[0.31674463 0.3580975  0.4446025  0.52065676],2.0,0.99763227,0.051108598709106445
161,[0.569104  0.5408059 0.6566848 0.7999502],3.0,0.99512935,0.051108598709106445
161,[0.20699745 0.3540781  0.30489218 0.53590125],2.0,0.99501336,0.051108598709106445
161,[0.12958041 0.53139365 0.3352566  0.8147973 ],2.0,0.99168277,0.051108598709106445
161,[0.43499714 0.34619695 0.60138065 0.57734936],2.0,0.98989356,0.051108598709106445
161,[0.00193775 0.3168808  0.06824479 0.58827543],2.0,0.983038,0.051108598709106445
161,[0.05526049 0.35899347 0.13974842 0.52957547],2.0,0.9652746,0.051108598709106445
161,[0.14736088 0.3515582  0.22037487 0.5409811 ],0.0,0.88977927,0.051108598709106445
161,[0.58640563 0.33410197 0.6758162  0.50161624],2.0,0.8367798,0.051108598709106445
161,[0.15852082 0.3499116  0.31896168 0.54802203],2.0,0.8269277,0.051108598709106445
161,[0.5667328  0.46070316 0.65514416 0.76104426],0.0,0.71936274,0.051108598709106445
161,[0.20970902 0.31229278 0.31830212 0.49099937],2.0,0.68643814,0.051108598709106445
162,[0.2078993  0.35503542 0.30847612 0.5317568 ],2.0,0.9960395,0.04788017272949219
162,[0.12934753 0.5309092  0.33577195 0.8089391 ],2.0,0.9950492,0.04788017272949219
162,[0.32189158 0.34677285 0.44983777 0.518932  ],2.0,0.9940863,0.04788017272949219
162,[0.4369858  0.34583175 0.603844   0.57727075],2.0,0.9896108,0.04788017272949219
162,[0.5710558  0.53723943 0.65666944 0.797302  ],3.0,0.98950595,0.04788017272949219
162,[0.00126642 0.3154172  0.07338519 0.58799005],2.0,0.9890275,0.04788017272949219
162,[0.05721666 0.36591128 0.13940614 0.52234864],2.0,0.98152816,0.04788017272949219
162,[0.10336275 0.51215    0.35225338 0.90816027],2.0,0.8900601,0.04788017272949219
162,[0.14736654 0.35199392 0.22216026 0.53529686],0.0,0.86139953,0.04788017272949219
162,[0.5880462  0.33470577 0.67758656 0.49903864],2.0,0.84397876,0.04788017272949219
162,[0.21310215 0.30963063 0.32249773 0.4925655 ],2.0,0.7565694,0.04788017272949219
162,[0.15726271 0.35113606 0.31924    0.5453442 ],2.0,0.66946214,0.04788017272949219
163,[0.1290908  0.5190224  0.33488423 0.7973544 ],2.0,0.996945,0.05109667778015137
163,[0.211556   0.33035737 0.31876558 0.5209608 ],2.0,0.9943521,0.05109667778015137
163,[0.32734358 0.34047014 0.45163023 0.5196694 ],2.0,0.9922072,0.05109667778015137
163,[0.5713049 0.5390813 0.6551883 0.789916 ],3.0,0.9870736,0.05109667778015137
163,[0.4385773  0.34527338 0.60638475 0.576215  ],2.0,0.98561037,0.05109667778015137
163,[0.00134061 0.31153286 0.07919075 0.5889573 ],2.0,0.9848592,0.05109667778015137
163,[0.05980426 0.3664515  0.14311883 0.5187054 ],2.0,0.9786734,0.05109667778015137
163,[0.15380006 0.3473013  0.22720553 0.5114891 ],0.0,0.9007874,0.05109667778015137
163,[0.58867127 0.3332415  0.6786098  0.49643573],2.0,0.7539495,0.05109667778015137
163,[0.5667806  0.46536845 0.6556279  0.75710624],0.0,0.73790663,0.05109667778015137
163,[0.10004884 0.5040964  0.3539794  0.9151821 ],2.0,0.6773261,0.05109667778015137
164,[0.12889886 0.5200347  0.33524492 0.7965658 ],2.0,0.9973366,0.04940652847290039
164,[0.2113105  0.33096698 0.31867552 0.5206889 ],2.0,0.99408877,0.04940652847290039
164,[0.326959   0.34152716 0.45169783 0.51947004],2.0,0.99301356,0.04940652847290039
164,[0.57139903 0.5394684  0.6549733  0.79164505],3.0,0.9893212,0.04940652847290039
164,[0.43830922 0.34487116 0.6064284  0.5765832 ],2.0,0.986058,0.04940652847290039
164,[0.00127246 0.31032118 0.07918476 0.58950543],2.0,0.98525524,0.04940652847290039
164,[0.06031262 0.36619845 0.14291818 0.5193341 ],2.0,0.97923315,0.04940652847290039
164,[0.15400994 0.34720412 0.22700402 0.51170325],0.0,0.89181197,0.04940652847290039
164,[0.5665932  0.46673328 0.6558605  0.7551462 ],0.0,0.8178632,0.04940652847290039
164,[0.5890316  0.33273473 0.67830205 0.49677983],2.0,0.7179341,0.04940652847290039
164,[0.67047817 0.32498905 0.7353459  0.47336105],7.0,0.63158447,0.04940652847290039
165,[0.13341445 0.51330155 0.33458552 0.80336756],2.0,0.9970557,0.048935890197753906
165,[0.21321788 0.33534482 0.31792596 0.52140653],2.0,0.99482656,0.048935890197753906
165,[0.32813275 0.3412568  0.4518525  0.51937884],2.0,0.9941889,0.048935890197753906
165,[0.5687853  0.50671166 0.65703356 0.77687865],3.0,0.9931732,0.048935890197753906
165,[0.43807074 0.34636384 0.6056329  0.5753472 ],2.0,0.9893499,0.048935890197753906
165,[0.00117645 0.31009826 0.08143684 0.58978164],2.0,0.9764065,0.048935890197753906
165,[0.06317531 0.36332187 0.14481398 0.52024555],2.0,0.97389466,0.048935890197753906
165,[0.15696694 0.34918228 0.22919808 0.5102181 ],0.0,0.9436317,0.048935890197753906
165,[0.5909276  0.33274546 0.681787   0.49231133],2.0,0.773456,0.048935890197753906
165,[0.56478935 0.44283652 0.65571755 0.7247534 ],0.0,0.6532489,0.048935890197753906
165,[0.5923589  0.300125   0.6807057  0.49199307],7.0,0.60823673,0.048935890197753906
166,[0.34003088 0.34092572 0.45670357 0.5138396 ],2.0,0.99567103,0.05484271049499512
166,[0.21731521 0.33783743 0.322252   0.51720726],2.0,0.99508023,0.05484271049499512
166,[0.10566704 0.49846417 0.3478995  0.8172385 ],2.0,0.992746,0.05484271049499512
166,[0.5705973  0.5098197  0.6561487  0.76562744],3.0,0.9902865,0.05484271049499512
166,[0.4371207  0.34018472 0.6248197  0.5826712 ],2.0,0.98881704,0.05484271049499512
166,[0.07054163 0.34790948 0.14545628 0.51678   ],2.0,0.98689896,0.05484271049499512
166,[0.00095287 0.3130305  0.08556746 0.58329594],2.0,0.9798643,0.05484271049499512
166,[0.16122794 0.34326646 0.23469579 0.5007313 ],0.0,0.8902704,0.05484271049499512
166,[0.59585685 0.34656948 0.6853226  0.4860745 ],2.0,0.8577395,0.05484271049499512
166,[0.5663175  0.44408816 0.6555148  0.72035843],0.0,0.8234856,0.05484271049499512
166,[0.23784642 0.31555822 0.33395368 0.48662588],2.0,0.6338164,0.05484271049499512
167,[0.2178196  0.3366487  0.32360408 0.51825464],2.0,0.9956204,0.047652244567871094
167,[0.34145513 0.34013247 0.4590805  0.5128547 ],2.0,0.99404967,0.047652244567871094
167,[0.07241098 0.34948683 0.14687857 0.5130268 ],2.0,0.9906855,0.047652244567871094
167,[0.10457423 0.49292296 0.3472552  0.8172924 ],2.0,0.9871794,0.047652244567871094
167,[0.57030386 0.5064082  0.6540442  0.7642801 ],3.0,0.9859437,0.047652244567871094
167,[0.43679008 0.33953857 0.62736726 0.5785784 ],2.0,0.9858624,0.047652244567871094
167,[0.00144003 0.30999452 0.08823256 0.5843974 ],2.0,0.9667981,0.047652244567871094
167,[0.59958917 0.348952   0.68797404 0.48545915],2.0,0.9486168,0.047652244567871094
167,[0.16388679 0.3412756  0.23726228 0.49994162],0.0,0.9274519,0.047652244567871094
167,[0.5661869  0.43762904 0.6536858  0.72592026],0.0,0.8425452,0.047652244567871094
167,[0.37508786 0.1360118  0.39776522 0.17197852],9.0,0.62436646,0.047652244567871094
167,[0.6764432  0.3272293  0.7392889  0.46893612],2.0,0.6064747,0.047652244567871094
168,[0.21901762 0.33549213 0.32462567 0.51850134],2.0,0.9950221,0.047502994537353516
168,[0.3478132  0.34203884 0.46753222 0.50785744],2.0,0.9938137,0.047502994537353516
168,[0.10601094 0.48907328 0.3458473  0.8171171 ],2.0,0.99291605,0.047502994537353516
168,[0.4370857  0.34107798 0.62967104 0.5777571 ],2.0,0.9894795,0.047502994537353516
168,[0.07324353 0.3512527  0.15126751 0.51007086],2.0,0.988319,0.047502994537353516
168,[0.0025422  0.3093878  0.09085153 0.5821451 ],2.0,0.9713426,0.047502994537353516
168,[0.5692335  0.5068792  0.65232116 0.7621852 ],3.0,0.9638165,0.047502994537353516
168,[0.16494724 0.33771425 0.23992619 0.49440157],0.0,0.903917,0.047502994537353516
168,[0.5974231  0.3354401  0.69322693 0.49091005],2.0,0.9000933,0.047502994537353516
168,[0.66458964 0.70489264 0.99037385 0.98053765],2.0,0.74093014,0.047502994537353516
168,[0.683528   0.34725767 0.74022037 0.47377843],2.0,0.73650193,0.047502994537353516
169,[0.21912175 0.33520082 0.32472354 0.51875794],2.0,0.9949791,0.047191619873046875
169,[0.34802    0.34248522 0.46721575 0.50827086],2.0,0.9946149,0.047191619873046875
169,[0.10076834 0.48905325 0.34611785 0.8196528 ],2.0,0.9921322,0.047191619873046875
169,[0.07301606 0.35151365 0.15120004 0.5102504 ],2.0,0.98861814,0.047191619873046875
169,[0.4365835  0.34064132 0.6302688  0.5775958 ],2.0,0.9882039,0.047191619873046875
169,[0.5675329  0.47662282 0.65374684 0.7471297 ],3.0,0.9726022,0.047191619873046875
169,[0.00281313 0.30880928 0.09130995 0.5835371 ],2.0,0.97236246,0.047191619873046875
169,[0.5973575  0.3356731  0.69342923 0.49195617],2.0,0.9213168,0.047191619873046875
169,[0.1649926  0.33805683 0.23980641 0.49412385],0.0,0.89338547,0.047191619873046875
169,[0.66548926 0.7061147  0.9895291  0.9814773 ],2.0,0.8111229,0.047191619873046875
169,[0.68328583 0.34630096 0.7417759  0.47416323],2.0,0.7969264,0.047191619873046875
169,[0.5647948  0.43741536 0.6525998  0.7258713 ],0.0,0.6652957,0.047191619873046875
170,[0.34851992 0.34281027 0.46777344 0.5075494 ],2.0,0.99628365,0.05604696273803711
170,[0.2226038  0.33423987 0.32510257 0.5147508 ],2.0,0.9945892,0.05604696273803711
170,[0.10392334 0.48702663 0.34723145 0.82231313],2.0,0.9921867,0.05604696273803711
170,[0.07380387 0.35372823 0.15537085 0.5069392 ],2.0,0.9858585,0.05604696273803711
170,[0.5676501  0.47817832 0.6534586  0.7458475 ],3.0,0.9850639,0.05604696273803711
170,[0.44583064 0.33735734 0.6042574  0.5663829 ],2.0,0.98246163,0.05604696273803711
170,[0.00292708 0.3130153  0.09273255 0.57997763],2.0,0.97291315,0.05604696273803711
170,[0.60378873 0.34858626 0.6923654  0.48671293],2.0,0.9599342,0.05604696273803711
170,[0.65307045 0.69780123 0.9899063  0.9797691 ],2.0,0.9210666,0.05604696273803711
170,[0.16759801 0.34088156 0.2429317  0.49194238],0.0,0.8661718,0.05604696273803711
170,[0.6862147  0.34674343 0.74173653 0.47357002],2.0,0.7034572,0.05604696273803711
170,[0.37573683 0.13493347 0.39808613 0.17245167],9.0,0.6614626,0.05604696273803711
171,[0.35174948 0.34146953 0.46596652 0.50268054],2.0,0.99744606,0.048432111740112305
171,[0.22520266 0.3318187  0.32456118 0.514883  ],2.0,0.9937713,0.048432111740112305
171,[0.44716775 0.33600828 0.6030241  0.5628909 ],2.0,0.99100363,0.048432111740112305
171,[0.07770268 0.34976885 0.15724203 0.50993514],2.0,0.9905361,0.048432111740112305
171,[0.10931879 0.48037452 0.34584385 0.82687825],2.0,0.98794866,0.048432111740112305
171,[0.56742704 0.47580343 0.65252745 0.7429182 ],3.0,0.98525375,0.048432111740112305
171,[0.00391506 0.31241375 0.09556948 0.57629013],2.0,0.97999364,0.048432111740112305
171,[0.603206   0.34712237 0.69264346 0.48461622],2.0,0.96704686,0.048432111740112305
171,[0.17098148 0.3346362  0.24584158 0.48916692],0.0,0.79392725,0.048432111740112305
171,[0.6818548  0.32270068 0.74474794 0.47725266],2.0,0.77658963,0.048432111740112305
171,[0.66867805 0.68074846 0.97579885 0.97992325],2.0,0.6507542,0.048432111740112305
172,[0.35369635 0.3390974  0.46389115 0.4973056 ],2.0,0.9940006,0.04785442352294922
172,[0.11236499 0.4771664  0.33430246 0.82133245],2.0,0.9933532,0.04785442352294922
172,[0.4375677  0.3350403  0.5955062  0.56020796],2.0,0.9920114,0.04785442352294922
172,[0.22340702 0.32990485 0.3223518  0.5102341 ],2.0,0.9915248,0.04785442352294922
172,[0.07310408 0.35014513 0.15120855 0.5026027 ],2.0,0.9888938,0.04785442352294922
172,[0.6172877  0.66987646 0.966294   0.982396  ],2.0,0.9878329,0.04785442352294922
172,[0.         0.3105295  0.09335459 0.55116   ],2.0,0.9857341,0.04785442352294922
172,[0.55809844 0.4870821  0.6434699  0.727993  ],3.0,0.9807481,0.04785442352294922
172,[0.59728897 0.34555656 0.6876092  0.4829265 ],2.0,0.93284076,0.04785442352294922
172,[0.17244036 0.3264883  0.23973815 0.47857937],0.0,0.83747727,0.04785442352294922
172,[0.37174633 0.1279152  0.40172246 0.17305025],9.0,0.66873395,0.04785442352294922
173,[0.10818811 0.47364384 0.3315947  0.8254475 ],2.0,0.9926904,0.04747509956359863
173,[0.43346614 0.32975835 0.5934817  0.5615713 ],2.0,0.9919142,0.04747509956359863
173,[0.07242753 0.34887284 0.14929435 0.49991435],2.0,0.9909591,0.04747509956359863
173,[0.608071  0.6492032 0.9526196 0.9495542],2.0,0.9905158,0.04747509956359863
173,[0.3480116  0.3394935  0.45676863 0.49160928],2.0,0.99023545,0.04747509956359863
173,[0.22139211 0.332854   0.3202433  0.5052266 ],2.0,0.99001735,0.04747509956359863
173,[0.5567773  0.48323977 0.63870734 0.7246331 ],3.0,0.984421,0.04747509956359863
173,[3.104657e-04 3.068377e-01 9.222595e-02 5.518132e-01],2.0,0.9755594,0.04747509956359863
173,[0.5971571  0.34478867 0.6877054  0.48118758],2.0,0.9482508,0.04747509956359863
173,[0.16979767 0.3262125  0.23984684 0.47715238],0.0,0.9254917,0.04747509956359863
173,[0.2358487  0.30849233 0.34141412 0.4880245 ],2.0,0.82188123,0.04747509956359863
173,[0.67496645 0.32592398 0.7366357  0.4734295 ],2.0,0.63019454,0.04747509956359863
174,[0.1070809  0.47304344 0.33242598 0.8268086 ],2.0,0.9913577,0.04877972602844238
174,[0.60801953 0.65105975 0.953018   0.9473468 ],2.0,0.9911896,0.04877972602844238
174,[0.07274855 0.3487622  0.1492157  0.5000314 ],2.0,0.9908229,0.04877972602844238
174,[0.43319964 0.3297506  0.5940689  0.5624362 ],2.0,0.99074495,0.04877972602844238
174,[0.34800377 0.33917686 0.4566631  0.4917908 ],2.0,0.9897741,0.04877972602844238
174,[0.2212752  0.3327936  0.32027578 0.50592357],2.0,0.9897452,0.04877972602844238
174,[0.5566469  0.48213166 0.63848466 0.7245056 ],3.0,0.9779995,0.04877972602844238
174,[2.5582686e-04 3.0657142e-01 9.2187732e-02 5.5177826e-01],2.0,0.9741627,0.04877972602844238
174,[0.5969949  0.3451447  0.68798876 0.4813332 ],2.0,0.9610266,0.04877972602844238
174,[0.17008317 0.32630932 0.23968512 0.47662395],0.0,0.92037207,0.04877972602844238
174,[0.23616952 0.30832618 0.34156442 0.48832983],2.0,0.83294725,0.04877972602844238
174,[0.67531496 0.32650185 0.7362017  0.47306424],2.0,0.6872949,0.04877972602844238
175,[0.43168682 0.31872028 0.5867918  0.54470927],2.0,0.99512535,0.05045580863952637
175,[0.35005927 0.3387574  0.45379466 0.48658347],2.0,0.99486154,0.05045580863952637
175,[0.10566171 0.4663155  0.33120143 0.8359152 ],2.0,0.99415624,0.05045580863952637
175,[0.60693777 0.64669937 0.94380724 0.9403469 ],2.0,0.9921612,0.05045580863952637
175,[0.55286795 0.4500095  0.6277955  0.71156335],3.0,0.9903222,0.05045580863952637
175,[0.07337492 0.34911734 0.1481441  0.49692857],2.0,0.9888572,0.05045580863952637
175,[0.22075762 0.3337663  0.31744286 0.50258857],2.0,0.9879706,0.05045580863952637
175,[0.16698532 0.3259041  0.24115185 0.47036245],0.0,0.9784872,0.05045580863952637
175,[4.9861521e-04 3.0569816e-01 9.0914115e-02 5.4980171e-01],2.0,0.9714129,0.05045580863952637
175,[0.31641486 0.74992263 0.6492572  0.98980725],2.0,0.94752544,0.05045580863952637
175,[0.5927931  0.3454894  0.69295144 0.4808673 ],2.0,0.90571,0.05045580863952637
175,[0.5544408  0.40271515 0.6262004  0.6953607 ],0.0,0.8106322,0.05045580863952637
175,[0.36786783 0.12550668 0.39968884 0.16572021],9.0,0.71390533,0.05045580863952637
175,[0.23664835 0.30892128 0.34054634 0.4848321 ],2.0,0.6921948,0.05045580863952637
175,[0.263991   0.321445   0.33298558 0.46550983],2.0,0.62011373,0.05045580863952637
176,[0.4294868  0.31893793 0.5873366  0.54348665],2.0,0.9948432,0.04781460762023926
176,[0.10307676 0.46632218 0.3353361  0.82880616],2.0,0.99353486,0.04781460762023926
176,[0.5499518  0.45383984 0.6283424  0.70851153],3.0,0.99342567,0.04781460762023926
176,[0.34988078 0.33847392 0.45362476 0.48649937],2.0,0.99165684,0.04781460762023926
176,[0.07349384 0.348785   0.14857475 0.49593928],2.0,0.98962694,0.04781460762023926
176,[0.6005019  0.64268136 0.94220006 0.93902385],2.0,0.98918444,0.04781460762023926
176,[0.22066401 0.3334183  0.31727386 0.502439  ],2.0,0.9852547,0.04781460762023926
176,[0.16901784 0.32700533 0.24169113 0.46467233],0.0,0.97802424,0.04781460762023926
176,[0.00079083 0.3052197  0.09136485 0.55017245],2.0,0.9583196,0.04781460762023926
176,[0.30936912 0.7403767  0.64178884 0.99153984],2.0,0.8742445,0.04781460762023926
176,[0.59162277 0.3440631  0.6906397  0.4798817 ],2.0,0.86595786,0.04781460762023926
176,[0.23859864 0.30823016 0.3403008  0.485794  ],2.0,0.7719138,0.04781460762023926
176,[0.36831507 0.12518577 0.3919182  0.16167225],9.0,0.6555858,0.04781460762023926
176,[0.263673   0.3216269  0.33297265 0.4672929 ],2.0,0.6433446,0.04781460762023926
177,[0.43254402 0.31588796 0.5865748  0.5444382 ],2.0,0.99683994,0.04822993278503418
177,[0.60214585 0.6266805  0.9174487  0.92785275],2.0,0.9932341,0.04822993278503418
177,[0.550961  0.4521805 0.6283262 0.6991663],3.0,0.99176484,0.04822993278503418
177,[0.07402252 0.34772822 0.157109   0.49229863],2.0,0.9916475,0.04822993278503418
177,[0.0983227  0.45786893 0.33451754 0.8206867 ],2.0,0.98972446,0.04822993278503418
177,[0.22453022 0.33150285 0.32120872 0.5038147 ],2.0,0.98783314,0.04822993278503418
177,[0.00125664 0.3028072  0.09577081 0.5487647 ],2.0,0.9744974,0.04822993278503418
177,[0.3652533  0.32772446 0.45803782 0.49088454],2.0,0.96867967,0.04822993278503418
177,[0.28914374 0.72013056 0.6485447  0.9938972 ],2.0,0.94851583,0.04822993278503418
177,[0.17631894 0.31946546 0.24275485 0.45592976],0.0,0.9405894,0.04822993278503418
177,[0.23595336 0.3053191  0.3410237  0.48793814],2.0,0.92567825,0.04822993278503418
177,[0.59920615 0.33410513 0.68404216 0.4701786 ],2.0,0.8208565,0.04822993278503418
177,[0.5501603  0.362298   0.62863314 0.6740842 ],0.0,0.706425,0.04822993278503418
177,[0.6190474  0.27345327 0.6766732  0.33720765],2.0,0.6010565,0.04822993278503418
178,[0.58709043 0.6116038  0.8975131  0.9202898 ],2.0,0.9956326,0.048590660095214844
178,[0.43592066 0.31417665 0.5863692  0.54270905],2.0,0.9953997,0.048590660095214844
178,[0.07667248 0.34182554 0.16167533 0.48831254],2.0,0.99478304,0.048590660095214844
178,[0.23022987 0.32807142 0.32085788 0.50352067],2.0,0.98865545,0.048590660095214844
178,[0.55144536 0.44966614 0.6272085  0.69556236],3.0,0.98742944,0.048590660095214844
178,[0.1058935  0.42897958 0.33113456 0.7684714 ],2.0,0.98293644,0.048590660095214844
178,[0.00075784 0.3003028  0.10024092 0.5464286 ],2.0,0.97396505,0.048590660095214844
178,[0.28815192 0.7082099  0.65812194 0.9972515 ],2.0,0.9641231,0.048590660095214844
178,[0.36878818 0.34192288 0.45279747 0.48606843],2.0,0.9400082,0.048590660095214844
178,[0.55033743 0.3690966  0.6278548  0.6683035 ],0.0,0.9119925,0.048590660095214844
178,[0.60272706 0.3329741  0.68640304 0.46850988],2.0,0.7877209,0.048590660095214844
178,[0.18054517 0.31913644 0.24611591 0.44997418],0.0,0.7813117,0.048590660095214844
178,[0.37095374 0.11406103 0.40154165 0.15835845],9.0,0.6758976,0.048590660095214844
178,[0.23145331 0.32546377 0.34193593 0.45441055],2.0,0.6491683,0.048590660095214844
178,[0.9516569  0.28805885 0.97691184 0.36020395],0.0,0.6265668,0.048590660095214844
179,[0.43540102 0.3141481  0.5866216  0.5432931 ],2.0,0.99563336,0.048906803131103516
179,[0.586372   0.61160904 0.8976803  0.91991323],2.0,0.99510336,0.048906803131103516
179,[0.07694538 0.34225285 0.16184655 0.48872763],2.0,0.99499416,0.048906803131103516
179,[0.22990459 0.3283285  0.32102382 0.50311303],2.0,0.98887503,0.048906803131103516
179,[0.11908748 0.45722646 0.32373986 0.7529729 ],2.0,0.9871762,0.048906803131103516
179,[0.552405  0.4112537 0.625736  0.6863054],3.0,0.98603123,0.048906803131103516
179,[0.00082127 0.3007205  0.10021461 0.5460816 ],2.0,0.97578037,0.048906803131103516
179,[0.29022866 0.70711005 0.65660197 0.9965137 ],2.0,0.97008073,0.048906803131103516
179,[0.3715312  0.31643003 0.46619183 0.48874354],2.0,0.9461499,0.048906803131103516
179,[0.55079675 0.36959872 0.6275469  0.6674174 ],0.0,0.9276412,0.048906803131103516
179,[0.18028995 0.3185799  0.24672508 0.44973767],0.0,0.82907575,0.048906803131103516
179,[0.60264665 0.3327718  0.68592495 0.46836057],2.0,0.79780465,0.048906803131103516
179,[0.37102786 0.11421028 0.40146318 0.15842283],9.0,0.67372096,0.048906803131103516
179,[0.23150331 0.32571322 0.34181762 0.45456165],2.0,0.6623848,0.048906803131103516
180,[0.5886741  0.5961473  0.8888214  0.88675356],2.0,0.9971082,0.05428743362426758
180,[0.4347221  0.31248575 0.58523947 0.5388241 ],2.0,0.9955843,0.05428743362426758
180,[0.10866459 0.4330944  0.33666733 0.7669765 ],2.0,0.99109787,0.05428743362426758
180,[0.55324996 0.41606215 0.6256114  0.67567456],3.0,0.9883892,0.05428743362426758
180,[0.07945028 0.3376457  0.16365522 0.48724467],2.0,0.98481154,0.05428743362426758
180,[0.22518107 0.30997798 0.32856604 0.4853147 ],2.0,0.9820808,0.05428743362426758
180,[0.00099744 0.2970897  0.10223673 0.5427842 ],2.0,0.9816071,0.05428743362426758
180,[0.5533445  0.3788851  0.6257541  0.65740925],0.0,0.98132384,0.05428743362426758
180,[0.37461805 0.31605548 0.469696   0.48507   ],2.0,0.9626626,0.05428743362426758
180,[0.1811684  0.31632876 0.24851865 0.44291377],0.0,0.94378144,0.05428743362426758
180,[0.27906224 0.69657    0.6583524  0.9972057 ],2.0,0.93835825,0.05428743362426758
180,[0.60295385 0.33360633 0.6896818  0.4677963 ],2.0,0.8939807,0.05428743362426758
180,[0.372368   0.11125728 0.40139154 0.15626922],9.0,0.63674885,0.05428743362426758
181,[0.5891321  0.5991068  0.88418365 0.87763417],2.0,0.9985307,0.04845619201660156
181,[0.12510553 0.45139503 0.323688   0.74245596],2.0,0.99448,0.04845619201660156
181,[0.43679857 0.31413254 0.5857681  0.5378523 ],2.0,0.9938129,0.04845619201660156
181,[0.00130878 0.29755896 0.10534471 0.54030323],2.0,0.9870843,0.04845619201660156
181,[0.5549743  0.41606456 0.62597084 0.675788  ],3.0,0.9853823,0.04845619201660156
181,[0.28725713 0.6827215  0.66171116 1.        ],2.0,0.9792966,0.04845619201660156
181,[0.08710866 0.33946946 0.16836582 0.48680052],2.0,0.9781103,0.04845619201660156
181,[0.55497855 0.37394166 0.62571603 0.6628984 ],0.0,0.9723796,0.04845619201660156
181,[0.24069595 0.3071227  0.33770168 0.48429227],2.0,0.9661453,0.04845619201660156
181,[0.37782285 0.31512642 0.4731485  0.48353398],2.0,0.9658801,0.04845619201660156
181,[0.18603387 0.3180198  0.25692633 0.4415769 ],0.0,0.9178878,0.04845619201660156
181,[0.60587186 0.333267   0.6943746  0.4663333 ],2.0,0.9001987,0.04845619201660156
181,[0.22223079 0.3336185  0.32926285 0.45460656],2.0,0.88279754,0.04845619201660156
182,[0.5839759 0.5903777 0.8782375 0.871982 ],2.0,0.9990676,0.04964733123779297
182,[0.12723404 0.4411172  0.32581487 0.7258444 ],2.0,0.997532,0.04964733123779297
182,[0.43839407 0.3086282  0.58803153 0.5327206 ],2.0,0.993591,0.04964733123779297
182,[0.0017518  0.29551557 0.11061306 0.5401831 ],2.0,0.9931814,0.04964733123779297
182,[0.08783619 0.33730423 0.16921131 0.48717856],2.0,0.98498005,0.04964733123779297
182,[0.24131082 0.32869604 0.3350006  0.5007647 ],2.0,0.9754205,0.04964733123779297
182,[0.55460227 0.4173053  0.6264138  0.67005223],3.0,0.9715812,0.04964733123779297
182,[0.59769666 0.33501443 0.7001023  0.4619111 ],2.0,0.96552896,0.04964733123779297
182,[0.19462402 0.30870736 0.2587386  0.43366742],0.0,0.9611812,0.04964733123779297
182,[0.39011836 0.32671326 0.4712193  0.4731152 ],2.0,0.9531274,0.04964733123779297
182,[0.27616683 0.6732621  0.6590049  0.9957701 ],2.0,0.94544536,0.04964733123779297
182,[0.55319715 0.3421632  0.6272551  0.63578737],0.0,0.84063125,0.04964733123779297
182,[0.6296119  0.2673862  0.68782216 0.3317008 ],2.0,0.61083263,0.04964733123779297
183,[0.5792549  0.5835269  0.86800665 0.86719936],2.0,0.998873,0.04844045639038086
183,[0.12923957 0.43361104 0.32728976 0.7225822 ],2.0,0.9987714,0.04844045639038086
183,[0.00084721 0.2916309  0.11362912 0.54129755],2.0,0.9950605,0.04844045639038086
183,[0.43941534 0.30565223 0.5865432  0.5316447 ],2.0,0.9934941,0.04844045639038086
183,[0.0906802  0.33632028 0.17146562 0.48406893],2.0,0.98306537,0.04844045639038086
183,[0.23608384 0.33069724 0.3457791  0.45111692],2.0,0.9618192,0.04844045639038086
183,[0.19599953 0.30871615 0.259465   0.42943397],0.0,0.9561521,0.04844045639038086
183,[0.38528273 0.35785562 0.45970598 0.4765687 ],2.0,0.945764,0.04844045639038086
183,[0.605766   0.3283348  0.6986318  0.46154368],2.0,0.93516874,0.04844045639038086
183,[0.55414575 0.36302933 0.6271431  0.67087066],3.0,0.92575127,0.04844045639038086
183,[0.26964238 0.67391187 0.6584451  0.99108225],2.0,0.8620125,0.04844045639038086
183,[0.25105184 0.3408632  0.32892728 0.4869807 ],2.0,0.67363983,0.04844045639038086
183,[0.22123346 0.32970923 0.33160332 0.50512964],2.0,0.6314609,0.04844045639038086
183,[0.55190116 0.3238964  0.6284751  0.65115404],0.0,0.6043818,0.04844045639038086
184,[0.12990874 0.4330101  0.32644793 0.7237116 ],2.0,0.99885267,0.04817461967468262
184,[0.579313   0.5830657  0.8678325  0.86632115],2.0,0.99883145,0.04817461967468262
184,[0.0011184  0.2920981  0.11340728 0.54058564],2.0,0.99542856,0.04817461967468262
184,[0.43946722 0.30530125 0.586957   0.5317901 ],2.0,0.9932789,0.04817461967468262
184,[0.09061335 0.33625036 0.17161994 0.48399627],2.0,0.98372895,0.04817461967468262
184,[0.23626952 0.3305933  0.34556943 0.4513836 ],2.0,0.9658884,0.04817461967468262
184,[0.1961332  0.30876082 0.2593179  0.4295295 ],0.0,0.94659257,0.04817461967468262
184,[0.38554382 0.3586182  0.4593069  0.4769135 ],2.0,0.9452799,0.04817461967468262
184,[0.5538948  0.36384124 0.62725776 0.6700054 ],3.0,0.9303791,0.04817461967468262
184,[0.60584044 0.3289696  0.6983422  0.46209204],2.0,0.9252229,0.04817461967468262
184,[0.27281347 0.6732192  0.65328074 0.9913374 ],2.0,0.8587919,0.04817461967468262
184,[0.2505413  0.3411705  0.32887313 0.4863569 ],2.0,0.6718084,0.04817461967468262
184,[0.22180262 0.3296799  0.33134612 0.50448895],2.0,0.609617,0.04817461967468262
185,[0.57495755 0.57268536 0.8629131  0.86752903],2.0,0.99910593,0.05003523826599121
185,[0.12817691 0.42700183 0.33003265 0.7193183 ],2.0,0.99673796,0.05003523826599121
185,[0.         0.2920241  0.11671952 0.5391792 ],2.0,0.99553186,0.05003523826599121
185,[0.44053313 0.3036086  0.5884422  0.53011554],2.0,0.99256474,0.05003523826599121
185,[0.09678876 0.32591438 0.17327502 0.4773174 ],2.0,0.9838368,0.05003523826599121
185,[0.25293523 0.32693473 0.3332587  0.457234  ],2.0,0.9683315,0.05003523826599121
185,[0.19802877 0.306347   0.2622914  0.4237641 ],0.0,0.9644096,0.05003523826599121
185,[0.39056197 0.3213125  0.47014824 0.4731117 ],2.0,0.9483225,0.05003523826599121
185,[0.55405647 0.37213904 0.6274925  0.65841013],3.0,0.9022168,0.05003523826599121
185,[0.60797334 0.3255822  0.6992644  0.45787627],2.0,0.8572967,0.05003523826599121
185,[0.27211493 0.6707822  0.64286864 0.9870609 ],2.0,0.799171,0.05003523826599121
185,[0.36127105 0.33322093 0.40467295 0.4579862 ],2.0,0.7241905,0.05003523826599121
186,[0.56676865 0.5629392  0.8581805  0.86897665],2.0,0.9992059,0.049128055572509766
186,[0.1223392  0.40727267 0.33738047 0.73939073],2.0,0.99678797,0.049128055572509766
186,[0.43874776 0.3007317  0.58995783 0.529611  ],2.0,0.99157274,0.049128055572509766
186,[1.4311820e-04 2.9200909e-01 1.1835193e-01 5.3249508e-01],2.0,0.99005586,0.049128055572509766
186,[0.25415072 0.32485834 0.3366448  0.4524251 ],2.0,0.98157364,0.049128055572509766
186,[0.10207504 0.3249399  0.17528471 0.47441375],2.0,0.9791709,0.049128055572509766
186,[0.19840208 0.30338335 0.26504058 0.41641277],0.0,0.96766967,0.049128055572509766
186,[0.3929568  0.32278144 0.46872598 0.4708733 ],2.0,0.9590366,0.049128055572509766
186,[0.5977834  0.32563686 0.7080143  0.45542115],2.0,0.93325096,0.049128055572509766
186,[0.55434906 0.37371218 0.62797344 0.65089715],3.0,0.8832072,0.049128055572509766
186,[0.26445985 0.65850455 0.65046537 0.9924634 ],2.0,0.86567646,0.049128055572509766
186,[0.24763773 0.31170604 0.34689465 0.41727903],2.0,0.77156883,0.049128055572509766
186,[0.3624903  0.33541256 0.40767998 0.46101326],2.0,0.7430451,0.049128055572509766
187,[0.14622527 0.39977497 0.33780038 0.7000306 ],2.0,0.9992799,0.05004525184631348
187,[0.5691144  0.5438441  0.84114987 0.8655473 ],2.0,0.9991051,0.05004525184631348
187,[0.25233403 0.308736   0.34888384 0.47812846],2.0,0.98957473,0.05004525184631348
187,[0.10468166 0.32377827 0.17897864 0.46958506],2.0,0.9877553,0.05004525184631348
187,[0.         0.29367352 0.12069669 0.5270568 ],2.0,0.98574466,0.05004525184631348
187,[0.4047482  0.31111634 0.4780199  0.45502317],2.0,0.96435326,0.05004525184631348
187,[0.61557454 0.32189003 0.7139769  0.452987  ],2.0,0.95775604,0.05004525184631348
187,[0.44874838 0.29484683 0.59051776 0.500672  ],2.0,0.93151075,0.05004525184631348
187,[0.20540734 0.29706752 0.26976937 0.40653646],0.0,0.91366464,0.05004525184631348
187,[0.27018625 0.61270654 0.6369337  0.99043953],2.0,0.8702923,0.05004525184631348
187,[0.3652725  0.33403245 0.4098169  0.4582363 ],2.0,0.8260446,0.05004525184631348
188,[0.14810902 0.3944981  0.33780313 0.70324814],2.0,0.99884313,0.049773454666137695
188,[0.5614028  0.5397941  0.8365619  0.86780524],2.0,0.99881786,0.049773454666137695
188,[0.25329232 0.30710205 0.349622   0.47691873],2.0,0.9923222,0.049773454666137695
188,[0.         0.28143367 0.13277641 0.5225671 ],2.0,0.98604554,0.049773454666137695
188,[0.10629385 0.3236564  0.18141735 0.46816114],2.0,0.98420405,0.049773454666137695
188,[0.44952077 0.29339263 0.5859191  0.50035644],2.0,0.97906905,0.049773454666137695
188,[0.61729187 0.31861877 0.71553665 0.4516822 ],2.0,0.96107686,0.049773454666137695
188,[0.26289272 0.60489655 0.5816325  0.99271524],2.0,0.92811584,0.049773454666137695
188,[0.20753738 0.29803213 0.26910108 0.4001443 ],0.0,0.9200044,0.049773454666137695
188,[0.4128885  0.3095997  0.4756345  0.45242077],2.0,0.90279657,0.049773454666137695
188,[0.36813968 0.33259845 0.4133491  0.45577854],2.0,0.8960025,0.049773454666137695
188,[0.40071756 0.3241878  0.45780587 0.4582202 ],2.0,0.8101309,0.049773454666137695
188,[0.55609185 0.32761967 0.62517625 0.6382163 ],3.0,0.700036,0.049773454666137695
188,[0.38644302 0.09725872 0.41653168 0.1421943 ],9.0,0.68735784,0.049773454666137695
189,[0.5626328  0.51404136 0.8323717  0.8504066 ],2.0,0.9976283,0.053948163986206055
189,[0.13867432 0.36756876 0.3431639  0.72034895],2.0,0.9954549,0.053948163986206055
189,[0.         0.28133735 0.13214839 0.5209713 ],2.0,0.99070257,0.053948163986206055
189,[0.2544687  0.30682614 0.3493307  0.47060606],2.0,0.98526496,0.053948163986206055
189,[0.10924388 0.32269448 0.18209136 0.46537048],2.0,0.9851423,0.053948163986206055
189,[0.45024267 0.28786233 0.58122724 0.5029232 ],2.0,0.98310065,0.053948163986206055
189,[0.26635045 0.6043936  0.569591   0.988546  ],2.0,0.9075346,0.053948163986206055
189,[0.21000008 0.29025108 0.26778445 0.39175075],0.0,0.90705884,0.053948163986206055
189,[0.62357056 0.3152275  0.71576643 0.4479934 ],2.0,0.9050845,0.053948163986206055
189,[0.37190545 0.32670707 0.41668445 0.45317775],2.0,0.8390908,0.053948163986206055
189,[0.41513947 0.30969077 0.4723285  0.45294487],2.0,0.8001191,0.053948163986206055
189,[0.3994542  0.32185435 0.45502797 0.45750302],2.0,0.785357,0.053948163986206055
189,[0.30345774 0.28667772 0.36542863 0.4410354 ],2.0,0.64325583,0.053948163986206055
190,[0.5625936  0.51360464 0.8320025  0.850965  ],2.0,0.9972851,0.05308866500854492
190,[0.13846458 0.36744878 0.34300673 0.719964  ],2.0,0.99538857,0.05308866500854492
190,[0.         0.28113174 0.13206923 0.52089626],2.0,0.99096924,0.05308866500854492
190,[0.45025614 0.28774828 0.58124185 0.50278354],2.0,0.98487014,0.05308866500854492
190,[0.10958645 0.32225227 0.18187854 0.46649665],2.0,0.9842704,0.05308866500854492
190,[0.25444707 0.3069707  0.34897122 0.47020474],2.0,0.9842565,0.05308866500854492
190,[0.26805118 0.6022064  0.5687231  0.9900926 ],2.0,0.9260338,0.05308866500854492
190,[0.20991577 0.29034248 0.26781687 0.3915191 ],0.0,0.9131506,0.05308866500854492
190,[0.62369967 0.31487978 0.71618426 0.44822538],2.0,0.9012404,0.05308866500854492
190,[0.37192008 0.3262335  0.41645518 0.4532163 ],2.0,0.8304527,0.05308866500854492
190,[0.414413   0.30821317 0.4730625  0.4534179 ],2.0,0.81141657,0.05308866500854492
190,[0.3991905  0.3205299  0.4546225  0.45737067],2.0,0.77468807,0.05308866500854492
190,[0.3032044  0.28663683 0.3654125  0.44119048],2.0,0.6547375,0.05308866500854492
191,[0.56256974 0.5108642  0.8273822  0.8522584 ],2.0,0.9985329,0.04974007606506348
191,[0.         0.2809058  0.13306825 0.51781476],2.0,0.9938368,0.04974007606506348
191,[0.13923332 0.3601261  0.34247762 0.7192458 ],2.0,0.9926671,0.04974007606506348
191,[0.11192651 0.32034642 0.1859468  0.46358126],2.0,0.9860718,0.04974007606506348
191,[0.25261095 0.3050275  0.35176876 0.4763132 ],2.0,0.9834993,0.04974007606506348
191,[0.4506408  0.28713483 0.58252037 0.5023055 ],2.0,0.9760752,0.04974007606506348
191,[0.62824166 0.31719136 0.7190567  0.44837534],2.0,0.9162338,0.04974007606506348
191,[0.25999886 0.60211736 0.58067566 0.9852857 ],2.0,0.88294727,0.04974007606506348
191,[0.2143664  0.2920881  0.27067482 0.38842326],0.0,0.8811996,0.04974007606506348
191,[0.37111315 0.32995427 0.4166722  0.45130116],2.0,0.83659685,0.04974007606506348
191,[0.4178146  0.3105902  0.46904874 0.45447224],2.0,0.80973566,0.04974007606506348
191,[0.4025947  0.32342124 0.4547826  0.45450824],2.0,0.64905477,0.04974007606506348
191,[0.30007106 0.28885493 0.36627364 0.43824258],2.0,0.63397175,0.04974007606506348
192,[0.5421401 0.5128219 0.8164835 0.8443254],2.0,0.99866915,0.05232954025268555
192,[0.         0.28072792 0.13398366 0.51482874],2.0,0.9908344,0.05232954025268555
192,[0.13710898 0.351938   0.3451198  0.71499217],2.0,0.98608077,0.05232954025268555
192,[0.11481123 0.32236665 0.19067584 0.46560574],2.0,0.98372495,0.05232954025268555
192,[0.25143218 0.3028309  0.3510787  0.47719845],2.0,0.9788192,0.05232954025268555
192,[0.451406   0.2892394  0.5799632  0.49931645],2.0,0.97316873,0.05232954025268555
192,[0.5552071  0.32654113 0.62526613 0.584492  ],0.0,0.9231918,0.05232954025268555
192,[0.21850298 0.29263335 0.27252984 0.38343078],0.0,0.90065837,0.05232954025268555
192,[0.37150344 0.33084974 0.4212577  0.45097652],2.0,0.84700656,0.05232954025268555
192,[0.63440245 0.31643057 0.7210949  0.44726294],2.0,0.82099974,0.05232954025268555
192,[0.30337507 0.2942285  0.36890972 0.4379654 ],2.0,0.7761461,0.05232954025268555
192,[0.4231951  0.31710613 0.46987936 0.45153445],2.0,0.6935407,0.05232954025268555
192,[0.39994562 0.32671794 0.44792736 0.45095566],2.0,0.6909911,0.05232954025268555
192,[0.4290861 0.2886538 0.4853227 0.4497913],2.0,0.68499684,0.05232954025268555
192,[0.5541668  0.34120798 0.62570727 0.61181587],3.0,0.6188917,0.05232954025268555
193,[0.5458773 0.5050365 0.8097314 0.8457562],2.0,0.99932486,0.04901456832885742
193,[0.1407201  0.34755293 0.34174898 0.71030736],2.0,0.99262834,0.04901456832885742
193,[0.         0.2778747  0.13770984 0.51042813],2.0,0.9923922,0.04901456832885742
193,[0.11818807 0.3229195  0.18984498 0.4645146 ],2.0,0.98251224,0.04901456832885742
193,[0.2521615  0.30107537 0.35207397 0.47518393],2.0,0.980244,0.04901456832885742
193,[0.45128477 0.28497252 0.5794914  0.50071764],2.0,0.9753029,0.04901456832885742
193,[0.22085541 0.29291564 0.27389258 0.38088048],0.0,0.90418625,0.04901456832885742
193,[0.6378604  0.31739676 0.7231854  0.4465909 ],2.0,0.8949925,0.04901456832885742
193,[0.37184474 0.33030167 0.4232346  0.4527208 ],2.0,0.85387397,0.04901456832885742
193,[0.39315835 0.32479376 0.446578   0.4520288 ],2.0,0.8126355,0.04901456832885742
193,[0.556913   0.32796657 0.6252445  0.5741727 ],0.0,0.77001595,0.04901456832885742
193,[0.42565915 0.31343615 0.47217134 0.45447624],2.0,0.6329887,0.04901456832885742
193,[0.3015046  0.29297078 0.37002283 0.44029647],2.0,0.6259255,0.04901456832885742
193,[0.7041634  0.29404736 0.7556825  0.43273854],2.0,0.61322355,0.04901456832885742
193,[0.28841555 0.30505314 0.36064202 0.4618725 ],2.0,0.60273486,0.04901456832885742
194,[0.54031503 0.49765208 0.80194616 0.8388417 ],2.0,0.9993553,0.05106353759765625
194,[0.14431867 0.35642505 0.36718985 0.6913785 ],2.0,0.99713904,0.05106353759765625
194,[0.         0.27458763 0.13637733 0.5064411 ],2.0,0.9918127,0.05106353759765625
194,[0.11747581 0.3220405  0.19085923 0.46228474],2.0,0.9855989,0.05106353759765625
194,[0.254371   0.29685527 0.35337812 0.4690882 ],2.0,0.9756797,0.05106353759765625
194,[0.45223945 0.28254488 0.5785143  0.4995983 ],2.0,0.9682035,0.05106353759765625
194,[0.6393025  0.32000026 0.72283065 0.44454643],2.0,0.8930046,0.05106353759765625
194,[0.3723172  0.3292635  0.42419565 0.44965273],2.0,0.86771,0.05106353759765625
194,[0.39203823 0.3253281  0.44586277 0.44802028],2.0,0.8597793,0.05106353759765625
194,[0.22136822 0.29076383 0.2740863  0.3774797 ],0.0,0.85291976,0.05106353759765625
194,[0.5552328  0.32635286 0.6248494  0.56986785],3.0,0.7826079,0.05106353759765625
194,[0.5521773  0.31970853 0.6289935  0.5415432 ],0.0,0.6782154,0.05106353759765625
194,[0.24578474 0.5628588  0.5456656  0.8793645 ],2.0,0.652363,0.05106353759765625
194,[0.42619076 0.314977   0.47103837 0.45149666],2.0,0.64228433,0.05106353759765625
194,[0.4324797  0.2867563  0.4869772  0.44997475],2.0,0.61491793,0.05106353759765625
195,[0.5400932  0.4965852  0.8025197  0.83917445],2.0,0.99930716,0.050971031188964844
195,[0.14341792 0.35638732 0.3685315  0.69014376],2.0,0.9970167,0.050971031188964844
195,[0.         0.27460688 0.13627991 0.5070749 ],2.0,0.99061126,0.050971031188964844
195,[0.11715475 0.3215281  0.19116604 0.46194932],2.0,0.9855141,0.050971031188964844
195,[0.25509617 0.29640946 0.3533326  0.46942917],2.0,0.9739108,0.050971031188964844
195,[0.45224547 0.28213114 0.5790279  0.49971747],2.0,0.9659139,0.050971031188964844
195,[0.6392216  0.31939143 0.7226332  0.44473398],2.0,0.8829414,0.050971031188964844
195,[0.37207136 0.32885587 0.42425057 0.4495756 ],2.0,0.8605569,0.050971031188964844
195,[0.39184672 0.32517642 0.44610846 0.4480042 ],2.0,0.859395,0.050971031188964844
195,[0.22138813 0.29070738 0.27419215 0.37729952],0.0,0.84418064,0.050971031188964844
195,[0.55524004 0.32643718 0.6251031  0.56986314],3.0,0.8109251,0.050971031188964844
195,[0.5523548  0.3201902  0.6288569  0.54133373],0.0,0.73143053,0.050971031188964844
195,[0.2467034  0.56324786 0.54597    0.88486093],2.0,0.6530132,0.050971031188964844
195,[0.4265578  0.315072   0.47137293 0.45117867],2.0,0.6307329,0.050971031188964844
195,[0.43269148 0.28729907 0.4871823  0.4491956 ],2.0,0.6200163,0.050971031188964844
196,[0.53700745 0.49226385 0.79997456 0.83355325],2.0,0.9995659,0.05145406723022461
196,[0.14481519 0.35376745 0.36736512 0.6861816 ],2.0,0.99623346,0.05145406723022461
196,[0.         0.27531457 0.13770579 0.50082064],2.0,0.9930191,0.05145406723022461
196,[0.257416   0.29359218 0.35516822 0.46950814],2.0,0.983999,0.05145406723022461
196,[0.12202021 0.31793112 0.19430828 0.45926964],2.0,0.97269785,0.05145406723022461
196,[0.4507473  0.28140146 0.58145815 0.49917138],2.0,0.9516964,0.05145406723022461
196,[0.39162025 0.33221123 0.44387373 0.4449047 ],2.0,0.8917943,0.05145406723022461
196,[0.2473737  0.54478925 0.5366219  0.80573183],2.0,0.8528422,0.05145406723022461
196,[0.22643955 0.28913426 0.2804725  0.3744251 ],0.0,0.81512374,0.05145406723022461
196,[0.37401384 0.33071244 0.4240585  0.4478165 ],2.0,0.799489,0.05145406723022461
196,[0.557344   0.32881105 0.62496406 0.56953746],3.0,0.79877514,0.05145406723022461
196,[0.63980067 0.31856272 0.7270597  0.44290802],2.0,0.78407234,0.05145406723022461
196,[0.44669512 0.29218018 0.6142605  0.49385577],7.0,0.62519354,0.05145406723022461
197,[0.5273372  0.47864953 0.7831496  0.83085597],2.0,0.99939054,0.05452847480773926
197,[0.14962949 0.37717164 0.35781497 0.64939666],2.0,0.9955614,0.05452847480773926
197,[3.2775104e-05 2.7452940e-01 1.4266679e-01 4.9586368e-01],2.0,0.9949456,0.05452847480773926
197,[0.25156945 0.29419094 0.35601354 0.4652276 ],2.0,0.98339725,0.05452847480773926
197,[0.12577748 0.31830633 0.19211873 0.4511832 ],2.0,0.9825569,0.05452847480773926
197,[0.45177683 0.2783242  0.5840597  0.4979366 ],2.0,0.9344605,0.05452847480773926
197,[0.23004523 0.54832655 0.5539954  0.8836157 ],2.0,0.9326087,0.05452847480773926
197,[0.2670537  0.29499418 0.37907305 0.43013823],2.0,0.85465306,0.05452847480773926
197,[0.39296404 0.32444546 0.44324544 0.44501206],2.0,0.78173715,0.05452847480773926
197,[0.64381456 0.3190931  0.72665906 0.44030362],2.0,0.7727897,0.05452847480773926
197,[0.23016909 0.28727528 0.28231123 0.36856368],0.0,0.7721441,0.05452847480773926
197,[0.3262954  0.28346443 0.3892425  0.43726486],2.0,0.73472697,0.05452847480773926
197,[0.4370642  0.28076464 0.5067382  0.43976408],2.0,0.732233,0.05452847480773926
197,[0.5519476 0.3184942 0.6247897 0.5381735],0.0,0.65494984,0.05452847480773926
197,[0.44471255 0.2858705  0.62451303 0.50011945],7.0,0.62910897,0.05452847480773926
198,[0.5263102  0.46732593 0.77684784 0.8306048 ],2.0,0.99914044,0.049524545669555664
198,[0.15108548 0.37126893 0.35777444 0.6499596 ],2.0,0.9976026,0.049524545669555664
198,[0.00130363 0.2722002  0.14546819 0.493216  ],2.0,0.9938597,0.049524545669555664
198,[0.23713048 0.5333273  0.5254199  0.8122634 ],2.0,0.9835578,0.049524545669555664
198,[0.25018033 0.2952937  0.35494563 0.46447134],2.0,0.98047113,0.049524545669555664
198,[0.12678184 0.31913942 0.19081081 0.45261848],2.0,0.9633253,0.049524545669555664
198,[0.45515814 0.27698326 0.58251536 0.49882782],2.0,0.8782175,0.049524545669555664
198,[0.266374   0.29378033 0.37900198 0.4287691 ],2.0,0.840154,0.049524545669555664
198,[0.39271888 0.3246722  0.4477053  0.4428806 ],2.0,0.8356791,0.049524545669555664
198,[0.32155392 0.28299177 0.3876556  0.4354332 ],2.0,0.6990858,0.049524545669555664
198,[0.22867334 0.28648335 0.28112608 0.36346203],0.0,0.6967469,0.049524545669555664
198,[0.4512084  0.2846137  0.6349153  0.50065804],7.0,0.6944322,0.049524545669555664
198,[0.54901797 0.31652093 0.6266797  0.5308996 ],0.0,0.662952,0.049524545669555664
198,[0.43899986 0.28025284 0.5073588  0.43404087],2.0,0.6091919,0.049524545669555664
199,[0.52567106 0.46716636 0.7756161  0.8274104 ],2.0,0.9991127,0.04842948913574219
199,[0.15178847 0.36911565 0.36355883 0.6503206 ],2.0,0.99740726,0.04842948913574219
199,[0.2314416 0.5322666 0.5274376 0.8036244],2.0,0.9927685,0.04842948913574219
199,[0.00523373 0.2729678  0.14405939 0.4913285 ],2.0,0.9914267,0.04842948913574219
199,[0.24850558 0.28929508 0.35929883 0.45007128],2.0,0.97162074,0.04842948913574219
199,[0.13121471 0.320228   0.19528061 0.45010087],2.0,0.9692089,0.04842948913574219
199,[0.4527883  0.2771309  0.5874613  0.49948978],2.0,0.91082466,0.04842948913574219
199,[0.39469373 0.32605153 0.45014793 0.44265556],2.0,0.87103635,0.04842948913574219
199,[0.32636973 0.28379735 0.3937576  0.43779007],2.0,0.84858423,0.04842948913574219
199,[0.6455175  0.29882887 0.7239092  0.4339153 ],2.0,0.77829075,0.04842948913574219
199,[0.22979355 0.28603792 0.28286856 0.36296684],0.0,0.72380686,0.04842948913574219
200,[0.52680016 0.46680066 0.77570367 0.82959485],2.0,0.99893844,0.06705117225646973
200,[0.15195528 0.36911568 0.3638089  0.65017307],2.0,0.99680805,0.06705117225646973
200,[0.23137526 0.531561   0.5277299  0.8049582 ],2.0,0.99315923,0.06705117225646973
200,[0.00472972 0.27284575 0.14463389 0.49149686],2.0,0.9917379,0.06705117225646973
200,[0.24829438 0.2893701  0.3598918  0.4499052 ],2.0,0.9723426,0.06705117225646973
200,[0.13189769 0.32070357 0.19463706 0.45049423],2.0,0.96490765,0.06705117225646973
200,[0.45250845 0.2768276  0.5869596  0.49864474],2.0,0.91202635,0.06705117225646973
200,[0.39365092 0.32579967 0.45012555 0.4426104 ],2.0,0.87921387,0.06705117225646973
200,[0.3275511  0.28301305 0.39406225 0.43758255],2.0,0.8535581,0.06705117225646973
200,[0.64576924 0.29979378 0.7238004  0.4333589 ],2.0,0.7796018,0.06705117225646973
200,[0.22984914 0.28599772 0.28277108 0.3627831 ],0.0,0.7325991,0.06705117225646973
201,[0.52362555 0.46435738 0.76602966 0.82208145],2.0,0.998407,0.05019640922546387
201,[0.16368091 0.34362113 0.34981596 0.6322017 ],2.0,0.9965519,0.05019640922546387
201,[0.00685425 0.27096596 0.14428627 0.4901019 ],2.0,0.99259305,0.05019640922546387
201,[0.23641938 0.5246653  0.52393717 0.8056056 ],2.0,0.98263633,0.05019640922546387
201,[0.24902597 0.28812882 0.35825512 0.44917014],2.0,0.9689787,0.05019640922546387
201,[0.13204783 0.31830505 0.19506565 0.4488093 ],2.0,0.96493393,0.05019640922546387
201,[0.45539755 0.27816978 0.5851219  0.4957486 ],2.0,0.95571136,0.05019640922546387
201,[0.32495075 0.2832747  0.39597756 0.43444246],2.0,0.8897741,0.05019640922546387
201,[0.39294675 0.3236594  0.45218775 0.4407986 ],2.0,0.79169005,0.05019640922546387
201,[0.23082218 0.2855385  0.28213474 0.36201692],0.0,0.6829827,0.05019640922546387
202,[0.51709527 0.44603077 0.7557469  0.7862717 ],2.0,0.9994607,0.048909902572631836
202,[0.15962629 0.3401211  0.35236537 0.637384  ],2.0,0.9977252,0.048909902572631836
202,[0.01226662 0.2694015  0.14661159 0.48743874],2.0,0.9867705,0.048909902572631836
202,[0.216256   0.5173206  0.518793   0.80958873],2.0,0.9867407,0.048909902572631836
202,[0.45719424 0.27605617 0.57879174 0.48800826],2.0,0.95666885,0.048909902572631836
202,[0.24582446 0.28327662 0.3617102  0.44991893],2.0,0.9552809,0.048909902572631836
202,[0.13448757 0.3164982  0.19530228 0.44449577],2.0,0.9519306,0.048909902572631836
202,[0.3934234  0.31028074 0.45788303 0.4280905 ],2.0,0.86158955,0.048909902572631836
202,[0.3242465  0.2785644  0.39508715 0.43111682],2.0,0.8537101,0.048909902572631836
202,[0.2660746 0.2906809 0.3792848 0.4252329],2.0,0.85014147,0.048909902572631836
202,[0.55055493 0.31327614 0.61519045 0.48160806],0.0,0.7020809,0.048909902572631836
203,[0.51151997 0.44818413 0.7513624  0.7745482 ],2.0,0.99978364,0.04878568649291992
203,[0.16093424 0.33909047 0.35302654 0.6206506 ],2.0,0.9989552,0.04878568649291992
203,[0.01649    0.26026112 0.14583203 0.47841126],2.0,0.9881378,0.04878568649291992
203,[0.21956773 0.5028639  0.51201946 0.7936691 ],2.0,0.98485297,0.04878568649291992
203,[0.45496038 0.27420568 0.5754223  0.48459858],2.0,0.9626265,0.04878568649291992
203,[0.24687959 0.29543126 0.35932758 0.4240957 ],2.0,0.9610545,0.04878568649291992
203,[0.26919305 0.28005973 0.37468016 0.44623002],2.0,0.93012863,0.04878568649291992
203,[0.3957984  0.309471   0.45795566 0.4312526 ],2.0,0.91876954,0.04878568649291992
203,[0.13628693 0.31529802 0.19709216 0.44484872],2.0,0.8956337,0.04878568649291992
203,[0.32627115 0.2760853  0.3959771  0.4322317 ],2.0,0.8580862,0.04878568649291992
203,[0.3977951  0.08058394 0.42943463 0.12258236],9.0,0.6397159,0.04878568649291992
204,[0.5117732 0.4427923 0.7477554 0.7742251],2.0,0.99947584,0.04922151565551758
204,[0.16223791 0.33105898 0.35134748 0.61298835],2.0,0.99817663,0.04922151565551758
204,[0.2162442  0.49910152 0.5078946  0.78806436],2.0,0.99056447,0.04922151565551758
204,[0.01832998 0.2606055  0.1452749  0.4755352 ],2.0,0.9817382,0.04922151565551758
204,[0.45228747 0.2683712  0.57527095 0.46892402],2.0,0.9811688,0.04922151565551758
204,[0.26997417 0.2811076  0.37210017 0.44488674],2.0,0.9513102,0.04922151565551758
204,[0.39727587 0.30796123 0.45766836 0.42821717],2.0,0.93020934,0.04922151565551758
204,[0.33109713 0.27563718 0.39821225 0.43046638],2.0,0.90435624,0.04922151565551758
204,[0.13653687 0.31392276 0.19573373 0.4446212 ],2.0,0.85490996,0.04922151565551758
204,[0.55760485 0.27983582 0.66445607 0.45198202],2.0,0.7136624,0.04922151565551758
204,[0.397539   0.07969321 0.4290898  0.12103058],9.0,0.61824775,0.04922151565551758
205,[0.51140636 0.44303834 0.7478432  0.77390504],2.0,0.99948,0.050230979919433594
205,[0.16229557 0.33084095 0.3510326  0.6127724 ],2.0,0.9981482,0.050230979919433594
205,[0.2166268  0.4981801  0.50724196 0.78833836],2.0,0.99017423,0.050230979919433594
205,[0.01803092 0.260446   0.1450994  0.47556227],2.0,0.98135704,0.050230979919433594
205,[0.4523845  0.26823497 0.575371   0.4693861 ],2.0,0.9789216,0.050230979919433594
205,[0.27023143 0.28100508 0.37220287 0.4444347 ],2.0,0.95337605,0.050230979919433594
205,[0.39704424 0.3080986  0.45749593 0.42819393],2.0,0.9287009,0.050230979919433594
205,[0.33085448 0.27540535 0.39828473 0.43045932],2.0,0.9003957,0.050230979919433594
205,[0.13639793 0.31387776 0.19571272 0.44472575],2.0,0.85994226,0.050230979919433594
205,[0.46394694 0.28962874 0.6251074  0.46935207],2.0,0.7966243,0.050230979919433594
205,[0.5581087  0.27975658 0.66457546 0.45183757],2.0,0.7067293,0.050230979919433594
205,[0.39744383 0.07967377 0.4289981  0.12126734],9.0,0.6242598,0.050230979919433594
206,[0.502471   0.42551553 0.73669916 0.77480865],2.0,0.99965173,0.050069332122802734
206,[0.15894175 0.3302282  0.34757245 0.6034865 ],2.0,0.99712324,0.050069332122802734
206,[0.20528044 0.49508518 0.5057813  0.79946154],2.0,0.9937864,0.050069332122802734
206,[0.44649553 0.269508   0.57242095 0.46855563],2.0,0.9860412,0.050069332122802734
206,[0.01473021 0.26010886 0.14266735 0.47346136],2.0,0.9800433,0.050069332122802734
206,[0.2500683  0.27518296 0.35785943 0.44832158],2.0,0.95935994,0.050069332122802734
206,[0.3967141  0.30821323 0.45278335 0.42685062],2.0,0.9305019,0.050069332122802734
206,[0.33107725 0.27213988 0.3935645  0.4324048 ],2.0,0.8920943,0.050069332122802734
206,[0.5573369  0.27412933 0.6605941  0.45282477],2.0,0.8571253,0.050069332122802734
206,[0.278491   0.28291318 0.36460683 0.4306126 ],2.0,0.8453208,0.050069332122802734
206,[0.13611941 0.31282142 0.19468863 0.42302194],2.0,0.7835941,0.050069332122802734
207,[0.47977382 0.42555523 0.7209075  0.7533872 ],2.0,0.99970776,0.04865097999572754
207,[0.18002275 0.49108005 0.48238334 0.78913033],2.0,0.9985057,0.04865097999572754
207,[0.15410174 0.32636738 0.3309241  0.59115875],2.0,0.9908911,0.04865097999572754
207,[0.0031779  0.2582718  0.13573033 0.4782073 ],2.0,0.985057,0.04865097999572754
207,[0.43457586 0.26988566 0.55088454 0.4581923 ],2.0,0.9842384,0.04865097999572754
207,[0.24333166 0.29471168 0.3479379  0.42221364],2.0,0.9597302,0.04865097999572754
207,[0.11990164 0.3157035  0.18368672 0.44889492],2.0,0.93814594,0.04865097999572754
207,[0.3919505  0.30943832 0.44303596 0.42842117],2.0,0.91029,0.04865097999572754
207,[0.55692136 0.28268066 0.6527715  0.43799564],2.0,0.8566974,0.04865097999572754
207,[0.22291957 0.27232575 0.2634744  0.33645356],0.0,0.6041235,0.04865097999572754
208,[0.47130805 0.42479193 0.7112741  0.74866986],2.0,0.9996547,0.047937631607055664
208,[0.17187952 0.4870717  0.47029227 0.7900867 ],2.0,0.99579173,0.047937631607055664
208,[0.14772356 0.3241415  0.32596976 0.5916344 ],2.0,0.9945339,0.047937631607055664
208,[0.43016976 0.2689659  0.5440858  0.46553856],2.0,0.97688174,0.047937631607055664
208,[0.24270163 0.2784375  0.34513617 0.45035386],2.0,0.9697759,0.047937631607055664
208,[0.00363932 0.26006126 0.13333222 0.47796023],2.0,0.9691111,0.047937631607055664
208,[0.5502029  0.28164408 0.6493289  0.43417326],2.0,0.8754937,0.047937631607055664
208,[0.11709279 0.31734592 0.17970592 0.44607985],2.0,0.84831095,0.047937631607055664
208,[0.5267791  0.30368465 0.5846916  0.42313135],0.0,0.81298614,0.047937631607055664
208,[0.37537223 0.30512527 0.4280743  0.42781183],2.0,0.8036004,0.047937631607055664
208,[0.63262147 0.30764127 0.7076494  0.4245383 ],2.0,0.69870114,0.047937631607055664
208,[0.39034492 0.32523566 0.43561727 0.43478215],2.0,0.6752376,0.047937631607055664
208,[0.37597436 0.07966861 0.39763254 0.11704399],9.0,0.6377602,0.047937631607055664
208,[0.32022387 0.2759913  0.3811106  0.43336973],2.0,0.6080142,0.047937631607055664
209,[0.46318474 0.42605555 0.70153564 0.7412497 ],2.0,0.99973994,0.04850625991821289
209,[0.13898754 0.3157575  0.32098728 0.59793305],2.0,0.9954675,0.04850625991821289
209,[0.00443364 0.25529975 0.13136405 0.47968382],2.0,0.98818636,0.04850625991821289
209,[0.17529137 0.47767767 0.4584869  0.79835546],2.0,0.9801337,0.04850625991821289
209,[0.42129484 0.27030647 0.54256624 0.46510965],2.0,0.97853774,0.04850625991821289
209,[0.23972742 0.2777176  0.34320092 0.44926178],2.0,0.95291173,0.04850625991821289
209,[0.37117574 0.30912262 0.42573294 0.42792547],2.0,0.9145312,0.04850625991821289
209,[0.11224213 0.31344482 0.17432714 0.4227591 ],2.0,0.8324663,0.04850625991821289
209,[0.5307375  0.27624503 0.6422508  0.44066522],2.0,0.82031024,0.04850625991821289
209,[0.21173424 0.294982   0.33491737 0.421577  ],2.0,0.71622235,0.04850625991821289
209,[0.36768904 0.07901058 0.400214   0.12089282],9.0,0.69810414,0.04850625991821289
209,[0.29996234 0.27975422 0.36387974 0.42988598],2.0,0.61060625,0.04850625991821289
209,[0.51888907 0.29967025 0.58139074 0.4238626 ],0.0,0.60707754,0.04850625991821289
210,[0.46451253 0.4268558  0.7008329  0.73919046],2.0,0.9997199,0.05862879753112793
210,[0.13985908 0.31702834 0.3205832  0.59680784],2.0,0.99537444,0.05862879753112793
210,[0.00432461 0.25521177 0.1311608  0.4796989 ],2.0,0.9867693,0.05862879753112793
210,[0.42125857 0.26993722 0.54250336 0.46509248],2.0,0.9830343,0.05862879753112793
210,[0.17407109 0.47699624 0.46064597 0.80003506],2.0,0.97797596,0.05862879753112793
210,[0.23896414 0.27763107 0.34343022 0.44907263],2.0,0.95681196,0.05862879753112793
210,[0.37160808 0.30882305 0.42552924 0.428791  ],2.0,0.92056394,0.05862879753112793
210,[0.5501697  0.27941418 0.6480776  0.43430513],2.0,0.85457426,0.05862879753112793
210,[0.11230779 0.31313807 0.17479473 0.42375988],2.0,0.8161077,0.05862879753112793
210,[0.21233118 0.29472974 0.33462006 0.42204526],2.0,0.74590164,0.05862879753112793
210,[0.36763468 0.07911479 0.40031633 0.12130675],9.0,0.69105947,0.05862879753112793
210,[0.30053467 0.27903444 0.3644114  0.43093795],2.0,0.646693,0.05862879753112793
210,[0.518415   0.29898816 0.58021605 0.42378902],0.0,0.63395274,0.05862879753112793
210,[0.6296914  0.3001125  0.70412534 0.4262377 ],2.0,0.62656176,0.05862879753112793
211,[0.45337397 0.42250288 0.6931756  0.7331959 ],2.0,0.9995789,0.048995018005371094
211,[0.13746153 0.31629273 0.3138517  0.5898124 ],2.0,0.9966484,0.048995018005371094
211,[0.00370101 0.25641418 0.13048753 0.47694027],2.0,0.9891344,0.048995018005371094
211,[0.15934801 0.4450467  0.4499513  0.7934427 ],2.0,0.9861653,0.048995018005371094
211,[0.41446203 0.27245158 0.5316529  0.4639277 ],2.0,0.9787242,0.048995018005371094
211,[0.23305264 0.27944455 0.34306964 0.44685772],2.0,0.961488,0.048995018005371094
211,[0.3680695  0.3088316  0.42302486 0.4293081 ],2.0,0.9240964,0.048995018005371094
211,[0.5348905  0.27897075 0.63573223 0.43075475],2.0,0.91965187,0.048995018005371094
211,[0.10827925 0.3192156  0.16774896 0.44044673],2.0,0.91158646,0.048995018005371094
211,[0.6329621  0.30321145 0.6969805  0.42619884],2.0,0.78202444,0.048995018005371094
211,[0.30280256 0.2748067  0.36605322 0.43160746],2.0,0.755643,0.048995018005371094
212,[0.4539176  0.39947733 0.67797434 0.70601046],2.0,0.9983979,0.049115896224975586
212,[0.16162492 0.46344528 0.43543458 0.76774895],2.0,0.99480593,0.049115896224975586
212,[0.12416321 0.3208235  0.31355977 0.5881948 ],2.0,0.9939569,0.049115896224975586
212,[0.00141294 0.25790504 0.1118334  0.47285816],2.0,0.98771375,0.049115896224975586
212,[0.41507047 0.2696699  0.5271984  0.4586656 ],2.0,0.980506,0.049115896224975586
212,[0.21830903 0.29215193 0.32540965 0.42412525],2.0,0.9793908,0.049115896224975586
212,[0.36482978 0.30973864 0.42173463 0.42865026],2.0,0.9686706,0.049115896224975586
212,[0.54336715 0.28960377 0.63228667 0.41560155],2.0,0.96631324,0.049115896224975586
212,[0.6304972  0.2969437  0.69208884 0.4254305 ],2.0,0.89194906,0.049115896224975586
212,[0.10449989 0.3169705  0.16351266 0.44565257],2.0,0.8035328,0.049115896224975586
212,[0.30576754 0.2731574  0.3590653  0.43158785],2.0,0.72989714,0.049115896224975586
213,[0.451718   0.3977399  0.67909706 0.7032695 ],2.0,0.9983133,0.050597429275512695
213,[0.1557481  0.46041328 0.4318488  0.7675112 ],2.0,0.9938759,0.050597429275512695
213,[0.12582563 0.32273394 0.3120582  0.5846895 ],2.0,0.9937955,0.050597429275512695
213,[0.00151182 0.25702578 0.11323751 0.4731273 ],2.0,0.9897394,0.050597429275512695
213,[0.40868828 0.26976308 0.51902723 0.4545876 ],2.0,0.97950435,0.050597429275512695
213,[0.21735586 0.27456313 0.3281609  0.44349098],2.0,0.9761158,0.050597429275512695
213,[0.36299804 0.31125754 0.42223355 0.42809463],2.0,0.9759809,0.050597429275512695
213,[0.54370505 0.29143456 0.63263935 0.4130951 ],2.0,0.95669365,0.050597429275512695
213,[0.6213763  0.28984636 0.68528795 0.42473102],2.0,0.8679416,0.050597429275512695
213,[0.10635541 0.31710094 0.16282625 0.4451149 ],2.0,0.81833833,0.050597429275512695
213,[0.30287424 0.2719802  0.36082104 0.43167213],2.0,0.6974773,0.050597429275512695
214,[0.4455709  0.38433212 0.66483563 0.70923835],2.0,0.9991105,0.051140546798706055
214,[0.15043284 0.458561   0.43194604 0.7701091 ],2.0,0.9975432,0.051140546798706055
214,[0.12640108 0.32801497 0.31261843 0.58334136],2.0,0.99214673,0.051140546798706055
214,[0.00157977 0.25761977 0.11444199 0.47293332],2.0,0.9896492,0.051140546798706055
214,[0.4099975  0.27028662 0.51865816 0.4559936 ],2.0,0.97631365,0.051140546798706055
214,[0.21683    0.2751723  0.32859755 0.44343776],2.0,0.97479165,0.051140546798706055
214,[0.54318845 0.29179433 0.6343949  0.41199628],2.0,0.97197115,0.051140546798706055
214,[0.36110142 0.31190154 0.42249432 0.42751417],2.0,0.96560407,0.051140546798706055
214,[0.6223919  0.29324293 0.68463105 0.4286139 ],2.0,0.8365757,0.051140546798706055
214,[0.10940219 0.31900167 0.16273096 0.44209546],2.0,0.7618122,0.051140546798706055
214,[0.3023236  0.2737247  0.35647961 0.43120167],2.0,0.6484381,0.051140546798706055
215,[0.444685  0.3829555 0.6656301 0.7097601],2.0,0.9991434,0.04845762252807617
215,[0.15155227 0.4588535  0.4316032  0.7693541 ],2.0,0.99751794,0.04845762252807617
215,[0.12601815 0.3293324  0.31247705 0.5828463 ],2.0,0.991436,0.04845762252807617
215,[0.00191868 0.25761038 0.11432464 0.47228128],2.0,0.988876,0.04845762252807617
215,[0.2186746  0.2752052  0.32818186 0.44340217],2.0,0.97437525,0.04845762252807617
215,[0.410397   0.27074304 0.5183598  0.45591494],2.0,0.97366226,0.04845762252807617
215,[0.5432733  0.29155293 0.6344087  0.4113746 ],2.0,0.9693663,0.04845762252807617
215,[0.36168158 0.31163242 0.42210418 0.42669126],2.0,0.9594139,0.04845762252807617
215,[0.6229628  0.2933839  0.6837067  0.42864728],2.0,0.8501139,0.04845762252807617
215,[0.10981251 0.3191847  0.16254954 0.44219652],2.0,0.7397981,0.04845762252807617
215,[0.30251673 0.2735231  0.35721764 0.4307716 ],2.0,0.6328461,0.04845762252807617
215,[0.3551492  0.07608911 0.3849861  0.11874098],9.0,0.6186744,0.04845762252807617
216,[0.44530472 0.37835068 0.66135955 0.7043771 ],2.0,0.9991891,0.05022096633911133
216,[0.15172683 0.45167327 0.43278778 0.77481043],2.0,0.997879,0.05022096633911133
216,[0.12681428 0.33235583 0.3158984  0.58274734],2.0,0.9878206,0.05022096633911133
216,[0.00241965 0.25682616 0.11500672 0.47526062],2.0,0.9830933,0.05022096633911133
216,[0.21508664 0.29049173 0.3280998  0.4236425 ],2.0,0.9712694,0.05022096633911133
216,[0.54380447 0.29435074 0.63555974 0.41462266],2.0,0.95308244,0.05022096633911133
216,[0.4095436  0.27198774 0.5186306  0.4560687 ],2.0,0.9520106,0.05022096633911133
216,[0.3617672  0.3122752  0.4231095  0.42717186],2.0,0.94699085,0.05022096633911133
216,[0.11226831 0.3240283  0.16623312 0.43403804],2.0,0.9191009,0.05022096633911133
216,[0.6249262  0.29707158 0.6817399  0.43004382],2.0,0.866691,0.05022096633911133
216,[0.30125526 0.27481169 0.35687497 0.42809868],2.0,0.7737727,0.05022096633911133
216,[0.35492957 0.07850651 0.3854589  0.12316549],9.0,0.6743382,0.05022096633911133
217,[0.45052084 0.39316267 0.6523213  0.6911587 ],2.0,0.9995797,0.0508580207824707
217,[0.1459188  0.4434645  0.42324305 0.77254665],2.0,0.9992026,0.0508580207824707
217,[0.14038527 0.31910133 0.3119983  0.5792502 ],2.0,0.9934895,0.0508580207824707
217,[0.00501188 0.25895578 0.13026762 0.474375  ],2.0,0.9862219,0.0508580207824707
217,[0.22886436 0.28774822 0.34342188 0.42651063],2.0,0.969694,0.0508580207824707
217,[0.4150041  0.27276623 0.51550174 0.45719332],2.0,0.95675045,0.0508580207824707
217,[0.36785093 0.312137   0.42619774 0.4268    ],2.0,0.9302402,0.0508580207824707
217,[0.30294818 0.27739275 0.36614746 0.42946666],2.0,0.8794594,0.0508580207824707
217,[0.11582948 0.32501677 0.16900463 0.4401565 ],2.0,0.8743929,0.0508580207824707
217,[0.5414193  0.28531963 0.63927096 0.4153942 ],2.0,0.8420516,0.0508580207824707
217,[0.63713104 0.3018173  0.6916298  0.4297443 ],2.0,0.82075864,0.0508580207824707
217,[0.6276267  0.29360598 0.67501324 0.43591112],2.0,0.6342005,0.0508580207824707
218,[0.14536588 0.43466425 0.4229359  0.773713  ],2.0,0.99926096,0.05437493324279785
218,[0.4485264  0.39005876 0.65450925 0.6804954 ],2.0,0.99921185,0.05437493324279785
218,[0.14612389 0.31471848 0.3113629  0.5807178 ],2.0,0.98936915,0.05437493324279785
218,[0.00438464 0.257061   0.13024537 0.47192943],2.0,0.98795533,0.05437493324279785
218,[0.2275843  0.28593057 0.34731013 0.4228543 ],2.0,0.9671544,0.05437493324279785
218,[0.37090123 0.31172717 0.4272474  0.42623818],2.0,0.9424959,0.05437493324279785
218,[0.4124164  0.2698732  0.5185623  0.45871156],2.0,0.9400681,0.05437493324279785
218,[0.12039186 0.32576498 0.17359059 0.43844303],2.0,0.7689714,0.05437493324279785
218,[0.2998151  0.2798639  0.36831203 0.430853  ],2.0,0.7362162,0.05437493324279785
218,[0.5052027  0.28749636 0.56074816 0.3851855 ],0.0,0.66499764,0.05437493324279785
218,[0.64059067 0.30114865 0.6948464  0.42896736],2.0,0.66073906,0.05437493324279785
218,[0.547045   0.28431657 0.6518965  0.41973564],7.0,0.63821703,0.05437493324279785
219,[0.4361264  0.3650521  0.65678793 0.67946494],2.0,0.99945915,0.04877471923828125
219,[0.14732605 0.42613313 0.42007458 0.77046275],2.0,0.99905485,0.04877471923828125
219,[0.1484361  0.30155373 0.31039658 0.54799217],2.0,0.9939,0.04877471923828125
219,[0.0035884  0.2561177  0.13270259 0.46726924],2.0,0.9921186,0.04877471923828125
219,[0.36921006 0.30878797 0.42701882 0.4262207 ],2.0,0.97771275,0.04877471923828125
219,[0.22922243 0.28326175 0.3467157  0.418389  ],2.0,0.9721492,0.04877471923828125
219,[0.4123984  0.26617914 0.5191699  0.45341623],2.0,0.9667568,0.04877471923828125
219,[0.6401276 0.2993607 0.6955716 0.4258293],2.0,0.86437505,0.04877471923828125
219,[0.5453197  0.28623363 0.65406954 0.4194207 ],2.0,0.8316864,0.04877471923828125
219,[0.11990766 0.32515496 0.17537706 0.43751085],2.0,0.71791667,0.04877471923828125
219,[0.5004903  0.2833051  0.5554153  0.37800628],0.0,0.7165838,0.04877471923828125
220,[0.44786856 0.3826843  0.65091765 0.6667513 ],2.0,0.9994086,0.05749368667602539
220,[0.14687106 0.42534155 0.42013517 0.7713087 ],2.0,0.9990056,0.05749368667602539
220,[0.14728808 0.30126885 0.3112129  0.548613  ],2.0,0.9938733,0.05749368667602539
220,[0.0034802  0.2558384  0.13341808 0.46800745],2.0,0.99232733,0.05749368667602539
220,[0.36964273 0.30845612 0.42669404 0.42653424],2.0,0.9769068,0.05749368667602539
220,[0.22959131 0.28328183 0.34645998 0.41823295],2.0,0.9746351,0.05749368667602539
220,[0.41267294 0.2667815  0.51920974 0.45287693],2.0,0.965323,0.05749368667602539
220,[0.6401185  0.29789758 0.6950201  0.42657673],2.0,0.8683859,0.05749368667602539
220,[0.54495037 0.2846837  0.6543615  0.41945666],2.0,0.81147796,0.05749368667602539
220,[0.12037507 0.32527345 0.17570591 0.4375224 ],2.0,0.688724,0.05749368667602539
220,[0.50055593 0.28386462 0.5554026  0.37797695],0.0,0.6809232,0.05749368667602539
221,[0.45270246 0.3754173  0.65389425 0.6625299 ],2.0,0.9995964,0.05337953567504883
221,[0.14493778 0.42264763 0.42200938 0.76725054],2.0,0.9990072,0.05337953567504883
221,[0.1481379  0.3009098  0.3159305  0.54315907],2.0,0.9892297,0.05337953567504883
221,[0.00768349 0.25608698 0.13570714 0.4677411 ],2.0,0.987996,0.05337953567504883
221,[0.23226452 0.28346205 0.3485276  0.4185902 ],2.0,0.98006636,0.05337953567504883
221,[0.41230917 0.2624575  0.51847243 0.4578321 ],2.0,0.95566833,0.05337953567504883
221,[0.55178756 0.29050496 0.65566653 0.42059222],2.0,0.9113295,0.05337953567504883
221,[0.37299603 0.3083518  0.42703837 0.4268806 ],2.0,0.89578736,0.05337953567504883
221,[0.63973755 0.29719508 0.6975542  0.42652476],2.0,0.8847787,0.05337953567504883
221,[0.5070044  0.2831238  0.56002235 0.37670583],0.0,0.7447005,0.05337953567504883
222,[0.45423567 0.37271592 0.6554253  0.65704024],2.0,0.9996547,0.04843568801879883
222,[0.15079579 0.41347048 0.4235454  0.77277386],2.0,0.9988243,0.04843568801879883
222,[0.15685326 0.3047706  0.31810552 0.5333647 ],2.0,0.99312663,0.04843568801879883
222,[0.01307744 0.2567705  0.14078707 0.46360976],2.0,0.98960644,0.04843568801879883
222,[0.23324819 0.27915084 0.3504966  0.4163742 ],2.0,0.9699812,0.04843568801879883
222,[0.5595001  0.27673757 0.6581875  0.43968332],2.0,0.9231673,0.04843568801879883
222,[0.3835801  0.31073225 0.43286628 0.42308587],2.0,0.9118849,0.04843568801879883
222,[0.4289861  0.26334554 0.52465916 0.44966394],2.0,0.8943919,0.04843568801879883
222,[0.6472587  0.29634774 0.7027293  0.4214778 ],2.0,0.8570634,0.04843568801879883
222,[0.13322446 0.31731164 0.18681541 0.42529863],2.0,0.73634344,0.04843568801879883
222,[0.6702908  0.29110888 0.7240213  0.41338405],2.0,0.7237396,0.04843568801879883
223,[0.44912565 0.3650898  0.6608224  0.6489738 ],2.0,0.99919826,0.048084259033203125
223,[0.15147027 0.40854913 0.42363176 0.7675213 ],2.0,0.9973022,0.048084259033203125
223,[0.02128522 0.25748837 0.14282988 0.4628958 ],2.0,0.98784596,0.048084259033203125
223,[0.23606563 0.27869922 0.35305554 0.41525346],2.0,0.9757726,0.048084259033203125
223,[0.15683213 0.30781555 0.3201843  0.52967864],2.0,0.96568537,0.048084259033203125
223,[0.38659117 0.3119973  0.4389527  0.42458308],2.0,0.9566831,0.048084259033203125
223,[0.4338078 0.2621435 0.5301985 0.4443261],2.0,0.9340657,0.048084259033203125
223,[0.56559426 0.27604553 0.66655916 0.4385613 ],2.0,0.93210083,0.048084259033203125
223,[0.6525108  0.29008675 0.70235306 0.42290688],2.0,0.8226407,0.048084259033203125
223,[0.13765232 0.31678888 0.19045909 0.4250233 ],2.0,0.752266,0.048084259033203125
223,[0.         0.26542342 0.03421906 0.51915723],2.0,0.70008427,0.048084259033203125
223,[0.3291501  0.27486598 0.38914147 0.4229613 ],2.0,0.6416385,0.048084259033203125
223,[0.6737813  0.28639996 0.7245734  0.4145937 ],2.0,0.61553836,0.048084259033203125
224,[0.44986966 0.34328192 0.6632453  0.6450573 ],2.0,0.9989815,0.04985404014587402
224,[0.15066071 0.40675163 0.4252665  0.7567544 ],2.0,0.996371,0.04985404014587402
224,[0.23854725 0.2789243  0.3574441  0.41334504],2.0,0.98711836,0.04985404014587402
224,[0.02391971 0.25679523 0.14685266 0.46235263],2.0,0.98346514,0.04985404014587402
224,[0.16116005 0.3092746  0.32138443 0.5268223 ],2.0,0.9499692,0.04985404014587402
224,[0.38964584 0.3080774  0.44077554 0.42349136],2.0,0.9277827,0.04985404014587402
224,[0.43556854 0.2605644  0.5323217  0.44277745],2.0,0.9250859,0.04985404014587402
224,[0.57403004 0.28620893 0.6636125  0.42614508],2.0,0.84517765,0.04985404014587402
224,[0.6536293  0.28740355 0.70551324 0.4174622 ],2.0,0.82655656,0.04985404014587402
224,[0.3279827  0.2713337  0.39030054 0.40154523],2.0,0.7283917,0.04985404014587402
224,[0.14072607 0.31830567 0.19323607 0.42362547],2.0,0.7051294,0.04985404014587402
224,[1.0740943e-04 2.6952091e-01 3.7204213e-02 5.1659369e-01],2.0,0.62706316,0.04985404014587402
225,[0.44919565 0.34395874 0.66431993 0.6437397 ],2.0,0.9987731,0.05078911781311035
225,[0.15088859 0.40747112 0.42548177 0.7561683 ],2.0,0.99605393,0.05078911781311035
225,[0.23905388 0.27886102 0.35718176 0.41347668],2.0,0.98691654,0.05078911781311035
225,[0.02394893 0.25659043 0.14674628 0.46192104],2.0,0.9851171,0.05078911781311035
225,[0.16113898 0.30933473 0.32141924 0.52649665],2.0,0.94752824,0.05078911781311035
225,[0.38980556 0.3076852  0.44084287 0.42396343],2.0,0.92550397,0.05078911781311035
225,[0.43579784 0.2602447  0.5330018  0.4428099 ],2.0,0.91936696,0.05078911781311035
225,[0.57508624 0.2801323  0.6830243  0.43078327],2.0,0.8326159,0.05078911781311035
225,[0.6536748  0.2881866  0.70556504 0.4173146 ],2.0,0.82611126,0.05078911781311035
225,[0.32741046 0.2718165  0.39014125 0.40107954],2.0,0.73144555,0.05078911781311035
225,[0.14087985 0.31811932 0.19376884 0.42386207],2.0,0.6648787,0.05078911781311035
225,[2.1251850e-04 2.6835066e-01 3.7517197e-02 5.1753336e-01],2.0,0.6281567,0.05078911781311035
226,[0.45358637 0.341399   0.6627061  0.64549464],2.0,0.998334,0.04857754707336426
226,[0.15332888 0.40011227 0.4265073  0.7517971 ],2.0,0.99245185,0.04857754707336426
226,[0.02641148 0.25749606 0.15000641 0.46255302],2.0,0.984603,0.04857754707336426
226,[0.24763733 0.28100577 0.35900325 0.41072568],2.0,0.98123205,0.04857754707336426
226,[0.38990214 0.30728728 0.4445856  0.4248764 ],2.0,0.94437516,0.04857754707336426
226,[0.4361539  0.26109177 0.5335314  0.44322735],2.0,0.9398373,0.04857754707336426
226,[0.5738023  0.2740819  0.66685563 0.4308918 ],2.0,0.9085728,0.04857754707336426
226,[0.3287879  0.27576032 0.3910956  0.39502355],2.0,0.8837065,0.04857754707336426
226,[0.65743136 0.2888694  0.70563006 0.41668782],2.0,0.8660297,0.04857754707336426
226,[0.16212097 0.30731055 0.32218882 0.5251205 ],2.0,0.79072165,0.04857754707336426
226,[0.6719846  0.27021694 0.7309926  0.40001416],2.0,0.6676748,0.04857754707336426
226,[5.4530799e-05 2.6842323e-01 3.8347282e-02 5.1568669e-01],2.0,0.6089089,0.04857754707336426
227,[0.46605882 0.34347653 0.6634393  0.63259035],2.0,0.9996734,0.049413204193115234
227,[0.16874313 0.36322534 0.41666937 0.72104824],2.0,0.9902955,0.049413204193115234
227,[0.03373335 0.25590038 0.1631266  0.45423394],2.0,0.9865893,0.049413204193115234
227,[0.25297055 0.2790234  0.35863784 0.39393216],2.0,0.96743196,0.049413204193115234
227,[0.39408645 0.30513185 0.4468536  0.422521  ],2.0,0.96289843,0.049413204193115234
227,[0.5826733  0.27352202 0.68306303 0.42784292],2.0,0.9334202,0.049413204193115234
227,[0.439798   0.25991586 0.5352114  0.43790916],2.0,0.9203365,0.049413204193115234
227,[0.         0.28941014 0.0499156  0.5033208 ],2.0,0.82067573,0.049413204193115234
227,[0.3348621  0.274985   0.39394397 0.40056428],2.0,0.8007057,0.049413204193115234
227,[0.6599619  0.28942934 0.70916754 0.41289094],2.0,0.72743523,0.049413204193115234
227,[0.1925895  0.277071   0.34887683 0.4472925 ],2.0,0.71811,0.049413204193115234
227,[0.15062399 0.32460192 0.20546798 0.43462786],2.0,0.6057036,0.049413204193115234
228,[0.46477258 0.3381554  0.6651573  0.62120044],2.0,0.9995052,0.04938793182373047
228,[0.16888285 0.36325738 0.42331898 0.7241111 ],2.0,0.99529403,0.04938793182373047
228,[0.03944864 0.25523478 0.16175786 0.450159  ],2.0,0.9811662,0.04938793182373047
228,[0.187078   0.28225565 0.35128748 0.44970286],2.0,0.949014,0.04938793182373047
228,[0.39276093 0.30191317 0.44679773 0.4182926 ],2.0,0.94020516,0.04938793182373047
228,[0.26398706 0.2751906  0.37531543 0.39726675],2.0,0.92679834,0.04938793182373047
228,[0.43498042 0.25984362 0.53858113 0.43253538],2.0,0.92598665,0.04938793182373047
228,[0.5845436  0.27409297 0.68151844 0.42287672],2.0,0.9222474,0.04938793182373047
228,[0.33590797 0.27312165 0.39605495 0.39923608],2.0,0.8387619,0.04938793182373047
228,[0.6711353  0.29124385 0.72112715 0.4112569 ],2.0,0.83244085,0.04938793182373047
228,[4.1689165e-04 2.7627906e-01 5.1724948e-02 5.0756943e-01],2.0,0.72510844,0.04938793182373047
228,[0.38226774 0.06443599 0.41316316 0.11075902],9.0,0.70347524,0.04938793182373047
228,[0.15015256 0.31172967 0.20733058 0.4273157 ],2.0,0.6157295,0.04938793182373047
229,[0.46437997 0.3292139  0.66635984 0.6073706 ],2.0,0.99950296,0.048006534576416016
229,[0.17007078 0.36148173 0.4225508  0.7190179 ],2.0,0.9959417,0.048006534576416016
229,[0.04429943 0.25127143 0.16723521 0.45283854],2.0,0.9830697,0.048006534576416016
229,[0.18886408 0.28065717 0.35233536 0.45469916],2.0,0.9653892,0.048006534576416016
229,[0.39936623 0.29682952 0.45303664 0.41622585],2.0,0.9393153,0.048006534576416016
229,[0.43663135 0.25302002 0.54095495 0.4253964 ],2.0,0.9360299,0.048006534576416016
229,[0.26567852 0.27606323 0.37606043 0.3934959 ],2.0,0.9272159,0.048006534576416016
229,[0.5852824  0.27336362 0.6852017  0.4209099 ],2.0,0.88610095,0.048006534576416016
229,[0.6751263  0.28719118 0.7220292  0.41260543],2.0,0.8774237,0.048006534576416016
229,[0.00135854 0.27991337 0.06752229 0.5076961 ],2.0,0.8772326,0.048006534576416016
229,[0.3381902  0.27304384 0.39805365 0.40203878],2.0,0.81128025,0.048006534576416016
229,[0.15652351 0.3122494  0.21123783 0.4272283 ],2.0,0.7433649,0.048006534576416016
230,[0.46389604 0.32906437 0.66733396 0.60674   ],2.0,0.99960864,0.05447030067443848
230,[0.17057543 0.3606028  0.42291027 0.71994346],2.0,0.99606425,0.05447030067443848
230,[0.04428012 0.2514324  0.16727892 0.45283207],2.0,0.983148,0.05447030067443848
230,[0.18984778 0.28062692 0.35235143 0.45419773],2.0,0.96044767,0.05447030067443848
230,[0.39958793 0.29681236 0.45282358 0.4160475 ],2.0,0.9381711,0.05447030067443848
230,[0.2652588  0.2760765  0.37596756 0.39294863],2.0,0.92882204,0.05447030067443848
230,[0.43633655 0.25277674 0.5409136  0.42572987],2.0,0.92812407,0.05447030067443848
230,[0.00154282 0.28100654 0.06728815 0.5073609 ],2.0,0.9002131,0.05447030067443848
230,[0.5853916  0.27367377 0.6858781  0.42063904],2.0,0.8820661,0.05447030067443848
230,[0.67522985 0.2867271  0.72221166 0.41282526],2.0,0.8699728,0.05447030067443848
230,[0.33840984 0.2731258  0.39821696 0.40160522],2.0,0.81853265,0.05447030067443848
230,[0.15641259 0.31210217 0.21106766 0.4273698 ],2.0,0.7357194,0.05447030067443848
231,[0.4637578  0.32038513 0.6671514  0.6035994 ],2.0,0.9995552,0.0492396354675293
231,[0.17050748 0.35229176 0.42115426 0.71763176],2.0,0.99532044,0.0492396354675293
231,[0.04762813 0.2503283  0.16821738 0.44569695],2.0,0.9727441,0.0492396354675293
231,[0.19173734 0.27542788 0.35184485 0.45408934],2.0,0.9646536,0.0492396354675293
231,[0.43890947 0.24634689 0.5422617  0.42056143],2.0,0.9613092,0.0492396354675293
231,[0.00170153 0.27863556 0.06794853 0.50274533],2.0,0.95624715,0.0492396354675293
231,[0.40066725 0.28860348 0.4512661  0.41180122],2.0,0.9084116,0.0492396354675293
231,[0.26173478 0.2679946  0.38108474 0.3878592 ],2.0,0.8985711,0.0492396354675293
231,[0.58823997 0.2617434  0.6968505  0.4170054 ],2.0,0.834539,0.0492396354675293
231,[0.67635924 0.2756445  0.72591597 0.39783671],2.0,0.8098717,0.0492396354675293
231,[0.33771244 0.2692852  0.39705727 0.39594012],2.0,0.69398475,0.0492396354675293
231,[0.35637218 0.25940055 0.40791386 0.41192287],2.0,0.63052225,0.0492396354675293
232,[0.4690153  0.3127485  0.66407543 0.5922863 ],2.0,0.9996746,0.05032634735107422
232,[0.17381974 0.3368634  0.42258787 0.7148144 ],2.0,0.9935825,0.05032634735107422
232,[0.05594255 0.25030965 0.17398335 0.44527054],2.0,0.9710207,0.05032634735107422
232,[0.         0.28143388 0.07533063 0.49544418],2.0,0.96459,0.05032634735107422
232,[0.4414074  0.24516127 0.5432953  0.41835222],2.0,0.92438143,0.05032634735107422
232,[0.19964476 0.26946953 0.36151052 0.45551965],2.0,0.9016166,0.05032634735107422
232,[0.40350458 0.2893638  0.4530392  0.40952986],2.0,0.90049106,0.05032634735107422
232,[0.26627758 0.26670918 0.38542685 0.3884168 ],2.0,0.894275,0.05032634735107422
232,[0.35598525 0.25835502 0.41314468 0.4152739 ],2.0,0.8724794,0.05032634735107422
232,[0.6794019  0.27676627 0.7320982  0.39409694],2.0,0.8174856,0.05032634735107422
232,[0.16962002 0.30330858 0.22021364 0.41672233],2.0,0.74930924,0.05032634735107422
232,[0.59414005 0.2681815  0.7001574  0.40926403],2.0,0.74019516,0.05032634735107422
232,[0.31857884 0.6610089  0.6524527  0.78116375],2.0,0.7381774,0.05032634735107422
232,[0.5235974  0.25497523 0.58100396 0.31843415],0.0,0.64692926,0.05032634735107422
233,[0.4707976  0.31467575 0.6634452  0.58860207],2.0,0.99976397,0.05016446113586426
233,[0.1720347  0.34009233 0.42670566 0.7138618 ],2.0,0.99335504,0.05016446113586426
233,[0.06105619 0.24900992 0.17697331 0.44769096],2.0,0.9852161,0.05016446113586426
233,[0.         0.27820495 0.07783164 0.49573228],2.0,0.9676647,0.05016446113586426
233,[0.1964819  0.27152994 0.36818182 0.45681313],2.0,0.9412196,0.05016446113586426
233,[0.44296998 0.24188337 0.54450536 0.4201437 ],2.0,0.9249093,0.05016446113586426
233,[0.3558563  0.26225287 0.41825938 0.4109726 ],2.0,0.9146123,0.05016446113586426
233,[0.26764327 0.26747295 0.3859687  0.3863211 ],2.0,0.87632424,0.05016446113586426
233,[0.31357825 0.6494913  0.64083105 0.7717457 ],2.0,0.8694608,0.05016446113586426
233,[0.68469596 0.27555448 0.733091   0.39752358],2.0,0.79436773,0.05016446113586426
233,[0.70261335 0.27037147 0.749717   0.38796332],2.0,0.7238263,0.05016446113586426
233,[0.40533125 0.28717208 0.45705265 0.4121784 ],2.0,0.7205458,0.05016446113586426
233,[0.17243399 0.30578685 0.22509296 0.42283893],2.0,0.68726885,0.05016446113586426
233,[0.59836066 0.26872557 0.70356405 0.40828276],2.0,0.6216427,0.05016446113586426
234,[0.47256333 0.3168657  0.66313523 0.58595073],2.0,0.99943924,0.04898858070373535
234,[0.17026979 0.3382079  0.4236716  0.70936376],2.0,0.99653774,0.04898858070373535
234,[0.0645734  0.24778494 0.17556766 0.45093456],2.0,0.9851153,0.04898858070373535
234,[0.         0.27704492 0.07847355 0.49324062],2.0,0.9735892,0.04898858070373535
234,[0.19840021 0.27105606 0.37083453 0.4597987 ],2.0,0.9400879,0.04898858070373535
234,[0.44154364 0.24103287 0.54469216 0.42055556],2.0,0.91661596,0.04898858070373535
234,[0.3599711  0.26151308 0.42071193 0.41392943],2.0,0.9043717,0.04898858070373535
234,[0.27061063 0.26714996 0.38616294 0.3857278 ],2.0,0.8864316,0.04898858070373535
234,[0.685032   0.2755016  0.7319113  0.39775693],2.0,0.7665122,0.04898858070373535
234,[0.3108846  0.64079934 0.62530154 0.76845187],2.0,0.74552125,0.04898858070373535
234,[0.17172773 0.3024029  0.22706108 0.4254191 ],2.0,0.72268206,0.04898858070373535
234,[0.59859765 0.26842254 0.7042875  0.4106338 ],2.0,0.7220127,0.04898858070373535
234,[0.7032635  0.27061608 0.75010073 0.3911895 ],2.0,0.68460286,0.04898858070373535
234,[0.40586752 0.287798   0.45473623 0.41239595],2.0,0.6015511,0.04898858070373535
235,[0.47276044 0.31580025 0.66306293 0.5873628 ],2.0,0.99942833,0.05230069160461426
235,[0.170322   0.3378989  0.42431283 0.7102036 ],2.0,0.9958197,0.05230069160461426
235,[0.06467198 0.24786279 0.1755401  0.45117614],2.0,0.9841996,0.05230069160461426
235,[0.         0.27632847 0.07877077 0.4941356 ],2.0,0.9734759,0.05230069160461426
235,[0.19846934 0.2711139  0.37023157 0.45980176],2.0,0.93357384,0.05230069160461426
235,[0.4402213  0.24153093 0.5450345  0.42147484],2.0,0.9199816,0.05230069160461426
235,[0.36032867 0.26152158 0.42123502 0.41331863],2.0,0.8940491,0.05230069160461426
235,[0.2704776  0.26742208 0.38640052 0.38536322],2.0,0.886315,0.05230069160461426
235,[0.31219584 0.6396389  0.6249332  0.7686361 ],2.0,0.7830715,0.05230069160461426
235,[0.59894276 0.26870927 0.70515263 0.41013607],2.0,0.7817872,0.05230069160461426
235,[0.6851728  0.2755848  0.7318876  0.39699462],2.0,0.7351075,0.05230069160461426
235,[0.17192318 0.30261558 0.22727726 0.42536324],2.0,0.7276811,0.05230069160461426
235,[0.70396    0.2713774  0.7508221  0.39102522],2.0,0.70491207,0.05230069160461426
236,[0.47984615 0.31758106 0.65782654 0.5755212 ],2.0,0.9994099,0.05670666694641113
236,[0.17211397 0.33014393 0.4265054  0.7111714 ],2.0,0.9945961,0.05670666694641113
236,[0.06714973 0.24916728 0.17814128 0.44868058],2.0,0.9896258,0.05670666694641113
236,[0.         0.2794754  0.08035997 0.49394667],2.0,0.98354757,0.05670666694641113
236,[0.20039558 0.27382845 0.37368363 0.45894688],2.0,0.93407667,0.05670666694641113
236,[0.3550535  0.26605076 0.4234163  0.41223705],2.0,0.9295924,0.05670666694641113
236,[0.45865506 0.24320692 0.5578709  0.4183911 ],2.0,0.91924274,0.05670666694641113
236,[0.2759372  0.27150565 0.3857717  0.3841226 ],2.0,0.85459757,0.05670666694641113
236,[0.60236424 0.269988   0.70449144 0.4089824 ],2.0,0.80283123,0.05670666694641113
236,[0.7026705  0.2724941  0.7537032  0.38926932],2.0,0.7845667,0.05670666694641113
236,[0.4188039  0.297673   0.46986595 0.41052866],2.0,0.72886825,0.05670666694641113
236,[0.68691725 0.27670076 0.73537284 0.3962362 ],2.0,0.70976907,0.05670666694641113
236,[0.17317861 0.30286217 0.22973847 0.42625892],2.0,0.64427555,0.05670666694641113
237,[0.47451222 0.29171264 0.661924   0.5709421 ],2.0,0.99877125,0.04893302917480469
237,[0.17426407 0.33003074 0.42585248 0.6956571 ],2.0,0.9926122,0.04893302917480469
237,[0.06709987 0.24926648 0.19091329 0.44607666],2.0,0.9878684,0.04893302917480469
237,[0.         0.27421695 0.084858   0.4932918 ],2.0,0.96651274,0.04893302917480469
237,[0.35981435 0.2621687  0.42803752 0.40559363],2.0,0.9297641,0.04893302917480469
237,[0.4627431  0.23732507 0.555451   0.41268748],2.0,0.9145261,0.04893302917480469
237,[0.2845046  0.26146618 0.38872236 0.3780521 ],2.0,0.8981788,0.04893302917480469
237,[0.20234409 0.26673973 0.37193725 0.44653124],2.0,0.8760695,0.04893302917480469
237,[0.61589503 0.26892242 0.706758   0.40248677],2.0,0.763808,0.04893302917480469
237,[0.7065709  0.26952666 0.7548019  0.38821977],2.0,0.7021672,0.04893302917480469
237,[0.5363422  0.24498641 0.5747706  0.30681032],0.0,0.67578954,0.04893302917480469
237,[0.28495392 0.6078255  0.64234185 0.9864143 ],2.0,0.6222274,0.04893302917480469
237,[0.39967504 0.04999762 0.4315826  0.09410121],9.0,0.6047648,0.04893302917480469
238,[0.47325984 0.29080752 0.66364294 0.56784976],2.0,0.9993668,0.05312347412109375
238,[0.17741182 0.33058423 0.42351976 0.68979293],2.0,0.9958498,0.05312347412109375
238,[0.07301379 0.23973516 0.18839046 0.42934188],2.0,0.9849773,0.05312347412109375
238,[0.         0.26372266 0.090484   0.475416  ],2.0,0.9735104,0.05312347412109375
238,[0.46362403 0.23018575 0.55923593 0.41440815],2.0,0.9106921,0.05312347412109375
238,[0.36101362 0.2636699  0.42840156 0.3999254 ],2.0,0.91012603,0.05312347412109375
238,[0.6165495  0.2669721  0.72256255 0.3946906 ],2.0,0.9089435,0.05312347412109375
238,[0.28885463 0.5985023  0.63630414 0.99328065],2.0,0.87714326,0.05312347412109375
238,[0.20349678 0.2606936  0.36889866 0.44181556],2.0,0.8647571,0.05312347412109375
238,[0.2884602  0.25993744 0.38877177 0.37681374],2.0,0.8557924,0.05312347412109375
238,[0.7099183  0.27203077 0.7572816  0.38244247],2.0,0.8062254,0.05312347412109375
238,[0.18135919 0.2994632  0.23544182 0.42901856],2.0,0.7380058,0.05312347412109375
238,[0.42243946 0.27621394 0.47163063 0.3985247 ],2.0,0.69618183,0.05312347412109375
238,[0.5360536  0.24569581 0.5754606  0.30179718],0.0,0.66876805,0.05312347412109375
239,[0.47400784 0.28958866 0.662992   0.5627842 ],2.0,0.99946594,0.048745155334472656
239,[0.19268587 0.29485455 0.41667286 0.6761215 ],2.0,0.9966235,0.048745155334472656
239,[0.0790834  0.23701201 0.19196717 0.43054557],2.0,0.9837011,0.048745155334472656
239,[0.         0.2621439  0.09702556 0.4768889 ],2.0,0.96730053,0.048745155334472656
239,[0.4649989  0.23133121 0.56103593 0.41063416],2.0,0.91936314,0.048745155334472656
239,[0.61770016 0.26609027 0.7267137  0.39166695],2.0,0.9098844,0.048745155334472656
239,[0.36437878 0.2614912  0.42942974 0.3977944 ],2.0,0.8936574,0.048745155334472656
239,[0.21028952 0.25899354 0.3797812  0.43989506],2.0,0.8311761,0.048745155334472656
239,[0.42775992 0.2774886  0.4771115  0.3956864 ],2.0,0.82561237,0.048745155334472656
239,[0.2793014  0.257652   0.39449006 0.3788829 ],2.0,0.8025957,0.048745155334472656
239,[0.71010417 0.2712323  0.75841326 0.3796869 ],2.0,0.7750691,0.048745155334472656
239,[0.28500873 0.5912173  0.6433277  0.9933803 ],2.0,0.61379737,0.048745155334472656
240,[0.47467667 0.2898246  0.6623921  0.56003535],2.0,0.9993803,0.05673694610595703
240,[0.1900333  0.29187182 0.41679382 0.68194604],2.0,0.9972726,0.05673694610595703
240,[0.08066393 0.23739026 0.19090341 0.428652  ],2.0,0.9824466,0.05673694610595703
240,[0.00236353 0.27288747 0.09774396 0.49560153],2.0,0.9734991,0.05673694610595703
240,[0.61858803 0.26587695 0.72711736 0.39193702],2.0,0.9251235,0.05673694610595703
240,[0.4653021  0.23291008 0.5604279  0.4114313 ],2.0,0.92000455,0.05673694610595703
240,[0.36403358 0.2621715  0.4292612  0.39771467],2.0,0.91150635,0.05673694610595703
240,[0.42546216 0.27781385 0.47669038 0.39654762],2.0,0.8762152,0.05673694610595703
240,[0.20933196 0.25882995 0.37753716 0.43903446],2.0,0.8141897,0.05673694610595703
240,[0.7101369  0.26665947 0.7586545  0.38110408],2.0,0.80941063,0.05673694610595703
240,[0.27879915 0.25836664 0.39410064 0.3790015 ],2.0,0.7996023,0.05673694610595703
240,[0.53742766 0.24479125 0.57598305 0.29818606],0.0,0.6360165,0.05673694610595703
240,[0.18384428 0.2980275  0.23681174 0.42906293],2.0,0.6250355,0.05673694610595703
241,[0.4777193  0.28851387 0.6607722  0.5509691 ],2.0,0.9992921,0.049051761627197266
241,[0.19108286 0.28610483 0.417977   0.6738491 ],2.0,0.9951007,0.049051761627197266
241,[0.08424134 0.23676673 0.19545034 0.42696884],2.0,0.9823723,0.049051761627197266
241,[0.         0.261273   0.10056905 0.4778621 ],2.0,0.9675937,0.049051761627197266
241,[0.46460417 0.2335688  0.5625143  0.4074071 ],2.0,0.93010604,0.049051761627197266
241,[0.3597044  0.2641272  0.4291037  0.39824253],2.0,0.92204124,0.049051761627197266
241,[0.6191287  0.26412344 0.72650003 0.39190757],2.0,0.90904343,0.049051761627197266
241,[0.42703828 0.27538016 0.47849604 0.39735416],2.0,0.8428344,0.049051761627197266
241,[0.70926327 0.2681262  0.7581864  0.37899405],2.0,0.7647243,0.049051761627197266
241,[0.00145117 0.32892647 0.07146308 0.63713574],2.0,0.6014321,0.049051761627197266
242,[0.48057395 0.28920025 0.6589195  0.5432191 ],2.0,0.9992102,0.05160403251647949
242,[0.19487596 0.28379112 0.41457933 0.6691509 ],2.0,0.9912242,0.05160403251647949
242,[0.09267141 0.24152307 0.1982324  0.42709947],2.0,0.98658425,0.05160403251647949
242,[0.         0.26408774 0.10502078 0.4757681 ],2.0,0.9756142,0.05160403251647949
242,[0.29910326 0.26157844 0.42209715 0.38763654],2.0,0.90997595,0.05160403251647949
242,[0.46595222 0.23626417 0.56205326 0.40581435],2.0,0.80253786,0.05160403251647949
242,[0.3561659 0.2658726 0.4288578 0.3950647],2.0,0.73725843,0.05160403251647949
242,[0.62240136 0.26507524 0.7106035  0.39095554],2.0,0.7307009,0.05160403251647949
242,[0.4270152  0.26766425 0.47886992 0.4002301 ],2.0,0.63692075,0.05160403251647949
243,[0.48344645 0.28788942 0.65748525 0.5443123 ],2.0,0.9982172,0.053663015365600586
243,[0.19596443 0.28409618 0.41530254 0.6601827 ],2.0,0.9920945,0.053663015365600586
243,[0.09618138 0.24217479 0.20184626 0.42769706],2.0,0.9846056,0.053663015365600586
243,[0.         0.26676875 0.1054666  0.4714818 ],2.0,0.9827938,0.053663015365600586
243,[0.35827085 0.26520145 0.43138567 0.3987028 ],2.0,0.83650935,0.053663015365600586
243,[0.62703997 0.26576748 0.7132732  0.39296857],2.0,0.7904403,0.053663015365600586
243,[0.42570734 0.2712395  0.4798345  0.4008231 ],2.0,0.78670335,0.053663015365600586
243,[0.47268173 0.2439189  0.55065805 0.39766294],2.0,0.77944523,0.053663015365600586
243,[0.30592093 0.26114583 0.42232808 0.38925576],2.0,0.71619684,0.053663015365600586
243,[0.00144666 0.33320606 0.07658274 0.630366  ],2.0,0.68967026,0.053663015365600586
243,[0.7098822  0.26613122 0.76148635 0.38184017],2.0,0.6832998,0.053663015365600586
243,[0.24013478 0.25540712 0.4109081  0.43132535],2.0,0.63242286,0.053663015365600586
244,[0.48349085 0.29016125 0.6578193  0.5402818 ],2.0,0.9983256,0.04909968376159668
244,[0.19308954 0.27690744 0.41465992 0.6603342 ],2.0,0.9945126,0.04909968376159668
244,[0.09919602 0.24091192 0.20597559 0.42744452],2.0,0.97972184,0.04909968376159668
244,[0.         0.26659247 0.10810982 0.47154227],2.0,0.97889465,0.04909968376159668
244,[0.6289283  0.26589376 0.7160442  0.39375174],2.0,0.8133654,0.04909968376159668
244,[0.3532026  0.2651059  0.43143907 0.39721584],2.0,0.79517376,0.04909968376159668
244,[0.4646265  0.23463786 0.5664701  0.40425068],2.0,0.7825785,0.04909968376159668
244,[0.30815876 0.2602542  0.42400646 0.3873418 ],2.0,0.7733334,0.04909968376159668
244,[0.00085895 0.3336287  0.07936604 0.6273641 ],2.0,0.75617486,0.04909968376159668
244,[0.7103997  0.26891613 0.7623903  0.3800357 ],2.0,0.6875821,0.04909968376159668
244,[0.42707685 0.26884004 0.47718266 0.4021416 ],2.0,0.6213243,0.04909968376159668
245,[0.48395067 0.2904267  0.65728456 0.5402569 ],2.0,0.9982002,0.0488896369934082
245,[0.19394985 0.27586833 0.41430435 0.6619369 ],2.0,0.9942336,0.0488896369934082
245,[0.         0.26684314 0.1081938  0.47112238],2.0,0.9775002,0.0488896369934082
245,[0.09917591 0.24080431 0.20606908 0.4274376 ],2.0,0.97724986,0.0488896369934082
245,[0.6285595  0.2656695  0.7155066  0.39344206],2.0,0.8025077,0.0488896369934082
245,[0.3534049  0.26496002 0.43146077 0.39743844],2.0,0.79862595,0.0488896369934082
245,[0.46479982 0.234995   0.5668289  0.403911  ],2.0,0.7881585,0.0488896369934082
245,[0.30840713 0.2603727  0.42361492 0.3872764 ],2.0,0.7810835,0.0488896369934082
245,[0.00134108 0.33504805 0.07920603 0.6242379 ],2.0,0.77211803,0.0488896369934082
245,[0.70997983 0.2692477  0.76199883 0.38133043],2.0,0.6816003,0.0488896369934082
245,[0.4272427  0.26948473 0.47725105 0.4018723 ],2.0,0.61091435,0.0488896369934082
246,[0.48562706 0.2892238  0.6573585  0.53737473],2.0,0.9969012,0.04989480972290039
246,[0.19340068 0.27359346 0.41304672 0.65967333],2.0,0.99184346,0.04989480972290039
246,[0.10131812 0.24312718 0.21650076 0.42487592],2.0,0.9800054,0.04989480972290039
246,[0.         0.26679373 0.11106197 0.46798795],2.0,0.9792415,0.04989480972290039
246,[0.         0.33317092 0.08239373 0.587203  ],2.0,0.8726821,0.04989480972290039
246,[0.33347976 0.2553365  0.43557876 0.4196202 ],2.0,0.84224397,0.04989480972290039
246,[0.46696052 0.23678032 0.56657135 0.40414295],2.0,0.82698524,0.04989480972290039
246,[0.6302459  0.26634955 0.7187408  0.39361984],2.0,0.8145045,0.04989480972290039
246,[0.42838946 0.2751829  0.4790567  0.39950675],2.0,0.8087877,0.04989480972290039
246,[0.30699322 0.26358443 0.42520735 0.39047557],2.0,0.7633348,0.04989480972290039
246,[0.71328056 0.26805866 0.76530993 0.37937558],2.0,0.65585846,0.04989480972290039
246,[0.24309488 0.25169754 0.41910142 0.43072915],2.0,0.6486511,0.04989480972290039
247,[0.48189867 0.27107036 0.6627399  0.53105253],2.0,0.99913216,0.05108284950256348
247,[0.19055685 0.28317088 0.44297084 0.6473064 ],2.0,0.99507546,0.05108284950256348
247,[0.00692873 0.26998413 0.12392293 0.46773893],2.0,0.9792915,0.05108284950256348
247,[0.10487913 0.24316019 0.21593381 0.42440295],2.0,0.9783929,0.05108284950256348
247,[0.         0.33110693 0.08214471 0.5782312 ],2.0,0.9393569,0.05108284950256348
247,[0.46628428 0.23719947 0.5695733  0.40321785],2.0,0.8821688,0.05108284950256348
247,[0.6316785  0.26626778 0.7343425  0.39354473],2.0,0.85058236,0.05108284950256348
247,[0.33321398 0.25580707 0.43618542 0.41342643],2.0,0.84009176,0.05108284950256348
247,[0.71901304 0.26514402 0.770521   0.3784624 ],2.0,0.76641595,0.05108284950256348
247,[0.38885832 0.2584716  0.44777673 0.4012329 ],2.0,0.67080367,0.05108284950256348
247,[0.43511763 0.27204835 0.48239365 0.3971392 ],2.0,0.6276716,0.05108284950256348
248,[0.48518604 0.26976836 0.65977734 0.5284283 ],2.0,0.9993567,0.04830527305603027
248,[0.00681398 0.26881334 0.12536722 0.46802726],2.0,0.99239373,0.04830527305603027
248,[0.19463101 0.2881651  0.44027796 0.63229156],2.0,0.99162585,0.04830527305603027
248,[0.10737223 0.24422804 0.21985596 0.42507914],2.0,0.98778605,0.04830527305603027
248,[0.         0.32408994 0.08380537 0.5768133 ],2.0,0.90847844,0.04830527305603027
248,[0.63194436 0.26677337 0.7331504  0.39234617],2.0,0.88273233,0.04830527305603027
248,[0.46533418 0.23525634 0.56955206 0.4039292 ],2.0,0.7950498,0.04830527305603027
248,[0.3547027  0.26282266 0.43342388 0.40041372],2.0,0.7869887,0.04830527305603027
248,[0.30529886 0.26045454 0.42170936 0.39281458],2.0,0.7412192,0.04830527305603027
248,[0.7196763  0.26789725 0.7664775  0.3794909 ],2.0,0.72241086,0.04830527305603027
248,[0.38482106 0.25932565 0.44833273 0.4025409 ],2.0,0.6986578,0.04830527305603027
249,[0.48873562 0.26824152 0.65830845 0.5260469 ],2.0,0.9993703,0.05218696594238281
249,[0.19409283 0.2877776  0.44131708 0.63541514],2.0,0.9945075,0.05218696594238281
249,[0.11340134 0.2436715  0.22484295 0.42727372],2.0,0.98912,0.05218696594238281
249,[0.00628052 0.27268943 0.13118306 0.46759668],2.0,0.9882568,0.05218696594238281
249,[2.8624758e-04 3.2091343e-01 8.5202768e-02 5.8119595e-01],2.0,0.9497436,0.05218696594238281
249,[0.32548106 0.2625609  0.44170463 0.39633632],2.0,0.86924654,0.05218696594238281
249,[0.6361233  0.26551384 0.7237487  0.39589238],2.0,0.86020505,0.05218696594238281
249,[0.46841493 0.23653291 0.5728494  0.40293825],2.0,0.81937164,0.05218696594238281
249,[0.38600782 0.26190424 0.4488311  0.40280128],2.0,0.63054144,0.05218696594238281
250,[0.48836243 0.27001733 0.65878165 0.5256447 ],2.0,0.99931437,0.060224056243896484
250,[0.19336802 0.2873444  0.4425121  0.63358927],2.0,0.99429196,0.060224056243896484
250,[0.11291859 0.24358937 0.2244437  0.42715535],2.0,0.98872924,0.060224056243896484
250,[0.00670547 0.2728763  0.13044886 0.4675425 ],2.0,0.98743266,0.060224056243896484
250,[5.0891936e-04 3.2122481e-01 8.5620955e-02 5.7947159e-01],2.0,0.9585194,0.060224056243896484
250,[0.3254079  0.26270646 0.44170848 0.39623082],2.0,0.8750782,0.060224056243896484
250,[0.636332   0.2656541  0.7226029  0.39575553],2.0,0.84883505,0.060224056243896484
250,[0.4688463  0.23631908 0.57338345 0.40333134],2.0,0.81156653,0.060224056243896484
250,[0.38651013 0.261999   0.4490025  0.40284407],2.0,0.615889,0.060224056243896484
251,[0.48938906 0.27210325 0.65892506 0.5243119 ],2.0,0.9993972,0.05343914031982422
251,[0.19376157 0.28426585 0.43987727 0.635298  ],2.0,0.9940735,0.05343914031982422
251,[0.11866327 0.24641342 0.22853307 0.4267922 ],2.0,0.98928684,0.05343914031982422
251,[0.00763822 0.27050298 0.13807043 0.47052944],2.0,0.98721766,0.05343914031982422
251,[0.63659865 0.26952207 0.7258361  0.39878607],2.0,0.94604146,0.05343914031982422
251,[0.00057619 0.321383   0.08798591 0.57569116],2.0,0.9435367,0.05343914031982422
251,[0.46629226 0.24025372 0.57099617 0.40215704],2.0,0.8864024,0.05343914031982422
251,[0.35452703 0.26403055 0.4357346  0.40009174],2.0,0.830277,0.05343914031982422
251,[0.3806087  0.26118857 0.4513251  0.40463704],2.0,0.68598115,0.05343914031982422
252,[0.49094403 0.27448893 0.65817773 0.5207364 ],2.0,0.9992877,0.04939603805541992
252,[0.19949147 0.29010093 0.43835768 0.62772256],2.0,0.99165267,0.04939603805541992
252,[0.12584758 0.24815197 0.23204777 0.42380577],2.0,0.9881444,0.04939603805541992
252,[0.01205535 0.26633525 0.1408793  0.47333091],2.0,0.9876868,0.04939603805541992
252,[0.00119571 0.31222874 0.09458482 0.58622545],2.0,0.9498412,0.04939603805541992
252,[0.38284278 0.26610643 0.4541703  0.40089518],2.0,0.9301127,0.04939603805541992
252,[0.63745093 0.2717077  0.72590864 0.3999595 ],2.0,0.90932286,0.04939603805541992
252,[0.35702166 0.26716787 0.43321398 0.39680898],2.0,0.7764672,0.04939603805541992
252,[0.46766374 0.24036676 0.57088965 0.40290976],2.0,0.75645214,0.04939603805541992
252,[0.71891236 0.26873797 0.76807785 0.3841018 ],2.0,0.72315997,0.04939603805541992
252,[0.         0.27338076 0.11055711 0.51389503],2.0,0.61187744,0.04939603805541992
253,[0.49245054 0.27362028 0.6565462  0.5183617 ],2.0,0.99941164,0.04986071586608887
253,[0.12964137 0.25062853 0.23294638 0.42391253],2.0,0.9926132,0.04986071586608887
253,[0.1961766  0.285303   0.44360745 0.63438606],2.0,0.99142015,0.04986071586608887
253,[0.01709253 0.27808765 0.14054938 0.4883404 ],2.0,0.9832416,0.04986071586608887
253,[0.3845067  0.26939574 0.45290983 0.40057233],2.0,0.9609741,0.04986071586608887
253,[0.00075825 0.30868495 0.09777053 0.59266543],2.0,0.9318598,0.04986071586608887
253,[0.6334405  0.2706177  0.73593795 0.4038448 ],2.0,0.92494994,0.04986071586608887
253,[0.4682038  0.2401286  0.57040757 0.40335134],2.0,0.7792218,0.04986071586608887
253,[0.7186025  0.27127793 0.770477   0.38459   ],2.0,0.6813346,0.04986071586608887
254,[0.49321452 0.274419   0.65523624 0.51230633],2.0,0.9995248,0.04885101318359375
254,[0.13128091 0.2512213  0.23531412 0.4243822 ],2.0,0.99183184,0.04885101318359375
254,[0.19880453 0.28771827 0.443455   0.62700784],2.0,0.9914512,0.04885101318359375
254,[0.01968087 0.27798003 0.14635244 0.49063808],2.0,0.97693974,0.04885101318359375
254,[0.00090341 0.30567628 0.10188547 0.59580815],2.0,0.95068127,0.04885101318359375
254,[0.3810227  0.26877266 0.45545787 0.40183002],2.0,0.9502545,0.04885101318359375
254,[0.6349627  0.2718435  0.7368159  0.40299737],2.0,0.9013799,0.04885101318359375
254,[0.8828191  0.24068421 0.9226536  0.4604633 ],0.0,0.8833417,0.04885101318359375
254,[0.45304978 0.2941868  0.50186145 0.40099707],2.0,0.792998,0.04885101318359375
254,[0.3629234  0.27222863 0.4342899  0.3961434 ],2.0,0.69215024,0.04885101318359375
254,[0.7293718  0.26885542 0.7834929  0.37748918],2.0,0.6841651,0.04885101318359375
254,[0.46710768 0.2390266  0.571292   0.40382338],2.0,0.62983656,0.04885101318359375
255,[0.49278367 0.27462274 0.6561229  0.51189643],2.0,0.9995437,0.05254101753234863
255,[0.13103934 0.25141305 0.23525743 0.42434567],2.0,0.99196535,0.05254101753234863
255,[0.19856541 0.28794456 0.4442407  0.6276535 ],2.0,0.9912192,0.05254101753234863
255,[0.02140449 0.26984647 0.1479675  0.46832845],2.0,0.977308,0.05254101753234863
255,[0.38072664 0.26885003 0.4552536  0.40179485],2.0,0.9554687,0.05254101753234863
255,[0.00111942 0.30379546 0.10268795 0.5982596 ],2.0,0.9517214,0.05254101753234863
255,[0.6349455  0.2723207  0.73691094 0.40220314],2.0,0.8968866,0.05254101753234863
255,[0.88878363 0.2321322  0.9288642  0.46331275],0.0,0.87382686,0.05254101753234863
255,[0.4528951  0.29370034 0.50138557 0.40130955],2.0,0.8004962,0.05254101753234863
255,[0.7284678  0.2682332  0.78456116 0.37699196],2.0,0.7322324,0.05254101753234863
255,[0.36384267 0.27288824 0.4334219  0.3954031 ],2.0,0.70160013,0.05254101753234863
255,[0.46767232 0.23922327 0.5715129  0.40364787],2.0,0.6301359,0.05254101753234863
255,[0.4869516  0.24177667 0.562953   0.37389   ],2.0,0.61169666,0.05254101753234863
256,[0.49337018 0.2686382  0.65685964 0.50975645],2.0,0.9995205,0.04949140548706055
256,[0.13347891 0.2555374  0.24546391 0.41916096],2.0,0.9924256,0.04949140548706055
256,[0.20720138 0.2871176  0.4433204  0.62172866],2.0,0.98006636,0.04949140548706055
256,[0.02063034 0.2694581  0.15527141 0.4685944 ],2.0,0.97868973,0.04949140548706055
256,[0.0008365  0.30226147 0.10724813 0.5993742 ],2.0,0.9784116,0.04949140548706055
256,[0.38038927 0.26768172 0.455153   0.3987937 ],2.0,0.9629454,0.04949140548706055
256,[0.8832484  0.23787177 0.92158586 0.45954633],0.0,0.8693258,0.04949140548706055
256,[0.63572645 0.2708386  0.73528266 0.39714596],2.0,0.8229297,0.04949140548706055
256,[0.72725576 0.26622623 0.7854932  0.37713426],2.0,0.8074644,0.04949140548706055
256,[0.45626655 0.27887493 0.5061673  0.3990295 ],2.0,0.7583788,0.04949140548706055
256,[0.3666963  0.27175546 0.43518656 0.39355183],2.0,0.65695477,0.04949140548706055
256,[0.48913935 0.24017194 0.5624295  0.37381563],2.0,0.61614084,0.04949140548706055
257,[0.4975373  0.26854056 0.65380746 0.49917692],2.0,0.99951893,0.05002403259277344
257,[0.23386422 0.2745096  0.43204978 0.5445313 ],2.0,0.9948944,0.05002403259277344
257,[0.13998416 0.2512298  0.24492097 0.42243966],2.0,0.9921231,0.05002403259277344
257,[0.04257528 0.2758987  0.1586085  0.4615739 ],2.0,0.9909989,0.05002403259277344
257,[0.         0.29831037 0.11342837 0.6073439 ],2.0,0.9774742,0.05002403259277344
257,[0.38325745 0.26701805 0.45766783 0.3966547 ],2.0,0.9709298,0.05002403259277344
257,[0.8809122  0.23636997 0.92468846 0.45966095],0.0,0.8862666,0.05002403259277344
257,[0.1930227  0.46713924 0.5278858  0.8139701 ],2.0,0.8684342,0.05002403259277344
257,[0.4589382  0.2931032  0.51004106 0.40234062],2.0,0.8103174,0.05002403259277344
257,[0.64549565 0.2708847  0.73907995 0.39935803],2.0,0.7354327,0.05002403259277344
257,[0.72934747 0.26183346 0.78685343 0.38032576],2.0,0.6261223,0.05002403259277344
258,[0.4970722  0.26388815 0.6530174  0.49688765],2.0,0.9986819,0.056403160095214844
258,[0.04637267 0.27163956 0.16274561 0.4616911 ],2.0,0.99481905,0.056403160095214844
258,[0.23371911 0.26945698 0.4329611  0.5329775 ],2.0,0.99337924,0.056403160095214844
258,[0.14210097 0.24969783 0.24538274 0.4203876 ],2.0,0.9929608,0.056403160095214844
258,[0.         0.29106075 0.11572488 0.61415344],2.0,0.9680335,0.056403160095214844
258,[0.37768573 0.26265225 0.45767474 0.3944247 ],2.0,0.9668382,0.056403160095214844
258,[0.45774582 0.2857236  0.5098707  0.3938776 ],2.0,0.8950124,0.056403160095214844
258,[0.21797982 0.45657167 0.50958157 0.76127625],2.0,0.85272455,0.056403160095214844
258,[0.8761161  0.22453274 0.92572683 0.44059926],0.0,0.8022523,0.056403160095214844
258,[0.64416397 0.26749384 0.74937546 0.39940786],2.0,0.78453726,0.056403160095214844
258,[0.7318864  0.26195684 0.7871134  0.38024506],2.0,0.6976541,0.056403160095214844
258,[0.21003813 0.26574105 0.45580554 0.64410836],2.0,0.69433683,0.056403160095214844
258,[0.4989642  0.23832834 0.57299757 0.36786222],2.0,0.6665874,0.056403160095214844
259,[0.49756083 0.26260203 0.6528809  0.49514908],2.0,0.9986675,0.05026364326477051
259,[0.04758364 0.270316   0.16808017 0.4608187 ],2.0,0.9949094,0.05026364326477051
259,[0.23483321 0.27323255 0.4347606  0.5158182 ],2.0,0.99469334,0.05026364326477051
259,[0.14850894 0.24790996 0.2493161  0.4219489 ],2.0,0.9938526,0.05026364326477051
259,[0.37869272 0.26249835 0.4586772  0.39259383],2.0,0.9742177,0.05026364326477051
259,[3.6714599e-04 2.8644150e-01 1.1178367e-01 5.5582052e-01],2.0,0.95898736,0.05026364326477051
259,[0.21642491 0.44418517 0.5087055  0.7704936 ],2.0,0.93695545,0.05026364326477051
259,[0.646199   0.2660523  0.750916   0.39485788],2.0,0.85897547,0.05026364326477051
259,[0.8743365  0.2267724  0.92357385 0.4382147 ],0.0,0.7652893,0.05026364326477051
260,[0.49750522 0.26289818 0.6538588  0.49525174],2.0,0.99869424,0.05563783645629883
260,[0.23482572 0.27401415 0.4355706  0.5153572 ],2.0,0.994825,0.05563783645629883
260,[0.04748803 0.27043483 0.1678442  0.46065983],2.0,0.9943751,0.05563783645629883
260,[0.14798653 0.24768871 0.24988359 0.42239553],2.0,0.9938957,0.05563783645629883
260,[0.37872937 0.26267785 0.45927778 0.3923009 ],2.0,0.9755661,0.05563783645629883
260,[0.0005765  0.28845248 0.11166696 0.55181694],2.0,0.95303404,0.05563783645629883
260,[0.19719435 0.45158014 0.5155735  0.83407426],2.0,0.9203824,0.05563783645629883
260,[0.644859   0.26569065 0.75028604 0.39557812],2.0,0.8698578,0.05563783645629883
260,[0.8741718  0.22559774 0.9239711  0.4375806 ],0.0,0.78550994,0.05563783645629883
260,[0.00814286 0.27584285 0.14879891 0.5088385 ],2.0,0.6163434,0.05563783645629883
260,[0.02868427 0.25216952 0.0465945  0.28793702],0.0,0.6120864,0.05563783645629883
261,[0.50077903 0.26343447 0.65308404 0.4937439 ],2.0,0.9979609,0.04937887191772461
261,[0.04968386 0.2684376  0.17033048 0.46260354],2.0,0.99569917,0.04937887191772461
261,[0.23349866 0.2721294  0.43951884 0.5113132 ],2.0,0.9937516,0.04937887191772461
261,[0.15312463 0.24916974 0.25108227 0.4195579 ],2.0,0.9907385,0.04937887191772461
261,[0.20626253 0.4379253  0.5071101  0.7673522 ],2.0,0.9732027,0.04937887191772461
261,[0.3817271  0.26275703 0.46014678 0.39190707],2.0,0.9167377,0.04937887191772461
261,[0.         0.28171438 0.11469218 0.5544726 ],2.0,0.8994382,0.04937887191772461
261,[0.64733315 0.26715142 0.75170004 0.3931901 ],2.0,0.87368816,0.04937887191772461
261,[0.87139356 0.23746732 0.92626464 0.4279025 ],0.0,0.85814285,0.04937887191772461
262,[0.5010896  0.25096655 0.6554177  0.48672664],2.0,0.9975075,0.04866743087768555
262,[0.05782433 0.26683357 0.1725239  0.45819005],2.0,0.9935171,0.04866743087768555
262,[0.15773772 0.24337643 0.2567093  0.41872507],2.0,0.99139524,0.04866743087768555
262,[0.23786345 0.27281058 0.43738893 0.5038835 ],2.0,0.9750593,0.04866743087768555
262,[0.         0.2725618  0.11713254 0.5682943 ],2.0,0.9680969,0.04866743087768555
262,[0.86962366 0.23598558 0.92438674 0.43121827],0.0,0.9531008,0.04866743087768555
262,[0.64985514 0.26532626 0.75578594 0.3907755 ],2.0,0.91912156,0.04866743087768555
262,[0.19575086 0.40457755 0.501001   0.78251344],2.0,0.8956006,0.04866743087768555
262,[0.388834   0.25956607 0.4626304  0.39134222],2.0,0.8556756,0.04866743087768555
262,[0.4720881  0.28973827 0.5065304  0.38149986],2.0,0.72850764,0.04866743087768555
262,[0.87196255 0.2622857  0.9245701  0.4399839 ],3.0,0.6162125,0.04866743087768555
262,[0.50380266 0.237008   0.5731343  0.35621402],2.0,0.6004474,0.04866743087768555
263,[0.5043711  0.25014874 0.65568537 0.48276535],2.0,0.997948,0.05194687843322754
263,[0.06073886 0.2658294  0.17639008 0.4597281 ],2.0,0.9938671,0.05194687843322754
263,[0.16131528 0.24673657 0.25939038 0.41998613],2.0,0.9937942,0.05194687843322754
263,[0.24085966 0.27097028 0.43504944 0.5023535 ],2.0,0.9787153,0.05194687843322754
263,[0.         0.27681902 0.11780742 0.56765544],2.0,0.9710171,0.05194687843322754
263,[0.6509232  0.26923203 0.75800675 0.3897882 ],2.0,0.96303004,0.05194687843322754
263,[0.86826426 0.23805192 0.92389375 0.42789462],0.0,0.92871255,0.05194687843322754
263,[0.19897434 0.40903956 0.49924824 0.780878  ],2.0,0.8996218,0.05194687843322754
263,[0.41310102 0.25886086 0.48191625 0.3957686 ],2.0,0.8841286,0.05194687843322754
263,[0.3915159  0.2616979  0.46582818 0.39334923],2.0,0.8281438,0.05194687843322754
263,[0.01577379 0.23723885 0.0348406  0.27561048],0.0,0.75782883,0.05194687843322754
263,[0.47392657 0.29103407 0.50756276 0.38143185],2.0,0.7407425,0.05194687843322754
264,[0.5053224  0.24721763 0.6524587  0.47672096],2.0,0.9975347,0.050290822982788086
264,[0.06474601 0.26212218 0.17734876 0.45760974],2.0,0.9929122,0.050290822982788086
264,[0.164334   0.24603985 0.26000845 0.4164492 ],2.0,0.9917857,0.050290822982788086
264,[0.         0.26482588 0.13311799 0.5805644 ],2.0,0.9916365,0.050290822982788086
264,[0.20067175 0.4137587  0.49876297 0.7639136 ],2.0,0.98061997,0.050290822982788086
264,[0.25546664 0.25593242 0.43748575 0.45145884],2.0,0.9725807,0.050290822982788086
264,[0.650548   0.26619804 0.75684094 0.38922387],2.0,0.9361602,0.050290822982788086
264,[0.41283262 0.2577013  0.48164558 0.39375392],2.0,0.9016224,0.050290822982788086
264,[0.8652301  0.24115586 0.92011356 0.4238513 ],0.0,0.88379914,0.050290822982788086
264,[0.39525887 0.26155657 0.46515545 0.3908571 ],2.0,0.8425157,0.050290822982788086
264,[0.73692155 0.2488194  0.7960185  0.36580843],2.0,0.6843147,0.050290822982788086
265,[0.505899   0.24763629 0.6525969  0.4764242 ],2.0,0.9969406,0.0487978458404541
265,[0.06499359 0.26225194 0.17743926 0.45771012],2.0,0.9931218,0.0487978458404541
265,[0.16439146 0.2463045  0.25997266 0.41669297],2.0,0.9921459,0.0487978458404541
265,[0.         0.26434588 0.13297956 0.5813794 ],2.0,0.9918712,0.0487978458404541
265,[0.19740424 0.41682157 0.49656656 0.7594608 ],2.0,0.9833919,0.0487978458404541
265,[0.2536157  0.25630826 0.43717924 0.45379817],2.0,0.97548264,0.0487978458404541
265,[0.6503226  0.2659515  0.75589377 0.38821673],2.0,0.93368816,0.0487978458404541
265,[0.4115555  0.25748125 0.48207983 0.39357302],2.0,0.9051913,0.0487978458404541
265,[0.86526436 0.23969452 0.9200912  0.42575127],0.0,0.8919069,0.0487978458404541
265,[0.39553353 0.26166925 0.46558657 0.39046314],2.0,0.8361135,0.0487978458404541
265,[0.73724705 0.24810728 0.79686254 0.3662326 ],2.0,0.68710846,0.0487978458404541
265,[0.01617843 0.2358283  0.03356776 0.27226484],0.0,0.60189056,0.0487978458404541
266,[0.5082151  0.24687016 0.651063   0.47148007],2.0,0.99682605,0.04972481727600098
266,[0.         0.26300752 0.13484931 0.58056784],2.0,0.9944024,0.04972481727600098
266,[0.07341421 0.26669452 0.18087906 0.4470121 ],2.0,0.99415696,0.04972481727600098
266,[0.1650087  0.24796559 0.26283997 0.4125331 ],2.0,0.99244493,0.04972481727600098
266,[0.2526861  0.25071648 0.441375   0.4488707 ],2.0,0.9803257,0.04972481727600098
266,[0.20198494 0.39544404 0.4889211  0.7804949 ],2.0,0.9739586,0.04972481727600098
266,[0.6511767  0.26667592 0.7597455  0.3863825 ],2.0,0.93765223,0.04972481727600098
266,[0.4122379  0.25644156 0.48090395 0.39016858],2.0,0.9321379,0.04972481727600098
266,[0.8624845  0.23544005 0.91543907 0.427839  ],0.0,0.8493336,0.04972481727600098
266,[0.01909125 0.23591974 0.03553167 0.26803687],0.0,0.6667214,0.04972481727600098
266,[0.737212   0.24719143 0.79844385 0.3657369 ],2.0,0.65639216,0.04972481727600098
267,[0.51460606 0.23992838 0.65461725 0.46698737],2.0,0.9975257,0.04954695701599121
267,[0.         0.26365906 0.13955866 0.5754508 ],2.0,0.99666715,0.04954695701599121
267,[0.17150664 0.24433896 0.2701913  0.4139476 ],2.0,0.9921025,0.04954695701599121
267,[0.08070911 0.2594443  0.18842174 0.44325733],2.0,0.9879152,0.04954695701599121
267,[0.18952467 0.39197445 0.49112892 0.7641368 ],2.0,0.98244005,0.04954695701599121
267,[0.2608611  0.24780472 0.44164371 0.43722987],2.0,0.9799869,0.04954695701599121
267,[0.6581267  0.2586589  0.76401293 0.3869576 ],2.0,0.9799476,0.04954695701599121
267,[0.41331297 0.25443035 0.483113   0.38619447],2.0,0.96300536,0.04954695701599121
267,[0.7439807  0.24773002 0.80451566 0.36562192],2.0,0.9020401,0.04954695701599121
267,[0.85356784 0.22627972 0.9131243  0.37710816],0.0,0.8297404,0.04954695701599121
267,[0.8613692  0.27570307 0.9160442  0.42828494],3.0,0.7156391,0.04954695701599121
267,[0.02107195 0.22785775 0.03744157 0.26100612],0.0,0.61845756,0.04954695701599121
268,[0.5122152  0.23612016 0.65485257 0.4618063 ],2.0,0.9967539,0.04945874214172363
268,[0.         0.2580781  0.14103031 0.5778784 ],2.0,0.99611396,0.04945874214172363
268,[0.17272012 0.24164434 0.27095196 0.4045115 ],2.0,0.9895181,0.04945874214172363
268,[0.08401781 0.2576532  0.19124624 0.43922225],2.0,0.985502,0.04945874214172363
268,[0.19144651 0.3819071  0.48796603 0.7719034 ],2.0,0.98022425,0.04945874214172363
268,[0.26696232 0.2444964  0.441668   0.43076372],2.0,0.9642279,0.04945874214172363
268,[0.66045475 0.25537276 0.76736844 0.3834563 ],2.0,0.9436056,0.04945874214172363
268,[0.414397   0.25152475 0.48277265 0.3854503 ],2.0,0.9165899,0.04945874214172363
268,[0.74452615 0.24649414 0.8063195  0.36090323],2.0,0.8848427,0.04945874214172363
268,[0.85626787 0.2319003  0.90767413 0.42406204],0.0,0.8257552,0.04945874214172363
269,[0.51066667 0.23424265 0.6562045  0.4606525 ],2.0,0.9961027,0.04807758331298828
269,[0.         0.25454944 0.14430985 0.577212  ],2.0,0.9943469,0.04807758331298828
269,[0.17404956 0.24158117 0.27146655 0.40458992],2.0,0.9859529,0.04807758331298828
269,[0.09259756 0.25399595 0.19329537 0.44332135],2.0,0.98399717,0.04807758331298828
269,[0.19309138 0.38244426 0.49056697 0.7677754 ],2.0,0.97898966,0.04807758331298828
269,[0.6617692  0.25564814 0.7679067  0.38128507],2.0,0.97218865,0.04807758331298828
269,[0.41618496 0.25108805 0.48668832 0.38640442],2.0,0.9542828,0.04807758331298828
269,[0.26601863 0.2426193  0.44344997 0.4318587 ],2.0,0.9514647,0.04807758331298828
269,[0.85519266 0.22937985 0.90564644 0.42508268],0.0,0.915361,0.04807758331298828
269,[0.74746287 0.24749836 0.80472624 0.361295  ],2.0,0.8921862,0.04807758331298828
269,[0.48689377 0.27639574 0.5222075  0.36556804],2.0,0.6800699,0.04807758331298828
270,[0.5110514  0.23391572 0.65598726 0.46114972],2.0,0.9963078,0.057875633239746094
270,[0.         0.25506198 0.14388564 0.5748247 ],2.0,0.99432236,0.057875633239746094
270,[0.17394173 0.24219377 0.27120128 0.40445942],2.0,0.98717153,0.057875633239746094
270,[0.19312923 0.38484973 0.49127698 0.76404124],2.0,0.9843093,0.057875633239746094
270,[0.0934442  0.25424975 0.19355303 0.44308096],2.0,0.98292184,0.057875633239746094
270,[0.6622028  0.25568643 0.76783353 0.38181826],2.0,0.97635335,0.057875633239746094
270,[0.4161112  0.25113732 0.48659143 0.38614547],2.0,0.95355695,0.057875633239746094
270,[0.26528725 0.24209747 0.44320598 0.43178323],2.0,0.95325786,0.057875633239746094
270,[0.8555047  0.22906265 0.9058241  0.42468336],0.0,0.90209407,0.057875633239746094
270,[0.7478476  0.24706657 0.8042659  0.361912  ],2.0,0.89504236,0.057875633239746094
270,[0.48704082 0.27658513 0.52225655 0.36596063],2.0,0.6663001,0.057875633239746094
271,[0.5148926  0.23517022 0.65624535 0.4589719 ],2.0,0.99647963,0.05011320114135742
271,[0.        0.2527371 0.1484607 0.5790488],2.0,0.99143124,0.05011320114135742
271,[0.09944515 0.2550563  0.1947407  0.44084623],2.0,0.99012834,0.05011320114135742
271,[0.6634823  0.25825447 0.76770544 0.38166523],2.0,0.98722136,0.05011320114135742
271,[0.17763099 0.24254271 0.27435216 0.40514228],2.0,0.9806736,0.05011320114135742
271,[0.1902769  0.37559253 0.48917592 0.7721723 ],2.0,0.9660349,0.05011320114135742
271,[0.26589024 0.24266848 0.44373798 0.43234727],2.0,0.95170164,0.05011320114135742
271,[0.41959336 0.25289217 0.48241922 0.3857647 ],2.0,0.93063676,0.05011320114135742
271,[0.7458107  0.24581729 0.8079197  0.3590279 ],2.0,0.88558024,0.05011320114135742
271,[0.8566315  0.2314305  0.9055116  0.42248067],0.0,0.8469686,0.05011320114135742
271,[0.48708302 0.26999876 0.5293661  0.3788158 ],2.0,0.70083886,0.05011320114135742
271,[0.13040432 0.44141173 0.23210615 0.720683  ],2.0,0.6276564,0.05011320114135742
272,[0.10279049 0.2561265  0.20002545 0.43676654],2.0,0.99150014,0.04922223091125488
272,[0.51688796 0.2380529  0.6593278  0.45458746],2.0,0.9905719,0.04922223091125488
272,[0.         0.24801034 0.15555868 0.5442423 ],2.0,0.98125255,0.04922223091125488
272,[0.2664743  0.2371555  0.45051485 0.4363956 ],2.0,0.9788566,0.04922223091125488
272,[0.19030051 0.24126929 0.28374976 0.40191603],2.0,0.97858167,0.04922223091125488
272,[0.19302315 0.35364085 0.4827898  0.7234431 ],2.0,0.97823656,0.04922223091125488
272,[0.66524947 0.25795186 0.76588356 0.37647927],2.0,0.9708817,0.04922223091125488
272,[0.42800012 0.24011877 0.48658523 0.3762444 ],2.0,0.8979398,0.04922223091125488
272,[0.7483471  0.24551949 0.8075202  0.35817268],2.0,0.85854065,0.04922223091125488
272,[0.49200368 0.2807775  0.52899814 0.36501646],2.0,0.7306787,0.04922223091125488
272,[0.845194   0.21812546 0.8934889  0.37699187],0.0,0.7255298,0.04922223091125488
273,[0.10034974 0.24430735 0.20352618 0.42991292],2.0,0.9904502,0.050150394439697266
273,[0.26546377 0.23357151 0.45451367 0.42921668],2.0,0.98963577,0.050150394439697266
273,[0.19049823 0.3521747  0.48349345 0.71693486],2.0,0.9855802,0.050150394439697266
273,[0.19047637 0.2407084  0.28394756 0.39897472],2.0,0.9796161,0.050150394439697266
273,[0.         0.24658827 0.15878358 0.5458449 ],2.0,0.97868276,0.050150394439697266
273,[0.5154133  0.23740073 0.6599953  0.4547915 ],2.0,0.9751295,0.050150394439697266
273,[0.42733294 0.23978655 0.48832142 0.37623048],2.0,0.9256578,0.050150394439697266
273,[0.6716658  0.25696924 0.7744614  0.3786085 ],2.0,0.9044271,0.050150394439697266
273,[0.7593776  0.24113661 0.81501245 0.3595447 ],2.0,0.8286068,0.050150394439697266
273,[0.4921195  0.2779373  0.52823514 0.36722714],2.0,0.7270946,0.050150394439697266
273,[0.8446571  0.21843696 0.89522225 0.37539935],0.0,0.6808659,0.050150394439697266
273,[0.8461389  0.29493642 0.8982871  0.41975778],3.0,0.6389398,0.050150394439697266
274,[0.10079814 0.24155836 0.20609887 0.42679495],2.0,0.9913897,0.05226874351501465
274,[0.26631334 0.23038274 0.45593652 0.4328919 ],2.0,0.9887477,0.05226874351501465
274,[0.18860775 0.3545038  0.48022008 0.7090036 ],2.0,0.9872162,0.05226874351501465
274,[0.19320324 0.24107625 0.28734252 0.39662594],2.0,0.98556465,0.05226874351501465
274,[0.         0.24594027 0.16106373 0.54461664],2.0,0.98334384,0.05226874351501465
274,[0.52013457 0.22045192 0.67174876 0.45159122],2.0,0.9685512,0.05226874351501465
274,[0.49285418 0.27681935 0.530453   0.36681014],2.0,0.836474,0.05226874351501465
274,[0.6815655  0.25625363 0.7661551  0.37796298],2.0,0.8257714,0.05226874351501465
274,[0.4311714  0.24132228 0.48580757 0.37511277],2.0,0.82369745,0.05226874351501465
274,[0.7584818  0.24007237 0.8150478  0.35709912],2.0,0.8174891,0.05226874351501465
274,[0.13175903 0.43375906 0.22929318 0.7294084 ],2.0,0.7049848,0.05226874351501465
274,[0.8447849  0.21958011 0.8965967  0.38022906],0.0,0.65770036,0.05226874351501465
274,[0.         0.21441936 0.16312659 0.70585155],2.0,0.6168276,0.05226874351501465
275,[0.10070422 0.24181463 0.20581204 0.42678082],2.0,0.992342,0.05337190628051758
275,[0.26667392 0.23096228 0.45568544 0.43322057],2.0,0.9871819,0.05337190628051758
275,[0.18891104 0.35420367 0.47959465 0.70858145],2.0,0.9865257,0.05337190628051758
275,[0.19308238 0.24134156 0.28770375 0.396107  ],2.0,0.9857563,0.05337190628051758
275,[0.         0.24587795 0.1616584  0.5446627 ],2.0,0.97995234,0.05337190628051758
275,[0.52003837 0.22034353 0.6719636  0.45220453],2.0,0.9651989,0.05337190628051758
275,[0.67400056 0.25753307 0.7740056  0.37829036],2.0,0.84844124,0.05337190628051758
275,[0.43073198 0.24117345 0.4860591  0.3754105 ],2.0,0.83572334,0.05337190628051758
275,[0.75807226 0.23977382 0.8147404  0.3574675 ],2.0,0.8351416,0.05337190628051758
275,[0.49312565 0.27691728 0.5305347  0.36659157],2.0,0.8306175,0.05337190628051758
275,[0.8447664  0.21713075 0.8965589  0.3813018 ],0.0,0.70090854,0.05337190628051758
275,[0.13288948 0.42896432 0.2273185  0.733424  ],2.0,0.67867976,0.05337190628051758
275,[0.84625274 0.25038826 0.8973407  0.4023326 ],3.0,0.63326085,0.05337190628051758
276,[0.11210874 0.24194595 0.20920986 0.4235606 ],2.0,0.9942083,0.0483400821685791
276,[0.2652166  0.23128891 0.46041667 0.4330076 ],2.0,0.9921176,0.0483400821685791
276,[0.5239098  0.21983707 0.6687728  0.44561535],2.0,0.9855313,0.0483400821685791
276,[0.19314556 0.34801245 0.47797906 0.70573163],2.0,0.9823365,0.0483400821685791
276,[0.19850446 0.24238199 0.29075792 0.3935398 ],2.0,0.9817285,0.0483400821685791
276,[0.         0.24655138 0.1622849  0.53927565],2.0,0.94957143,0.0483400821685791
276,[0.6772042  0.26051813 0.77899045 0.37332153],2.0,0.8635865,0.0483400821685791
276,[0.8431675  0.21712741 0.89468116 0.38224044],0.0,0.79579824,0.0483400821685791
276,[0.43340158 0.23979361 0.4831298  0.37531424],2.0,0.73946005,0.0483400821685791
276,[0.4912614  0.26420996 0.5345366  0.37642446],2.0,0.7384515,0.0483400821685791
276,[0.7487556  0.24900904 0.80123603 0.3500019 ],2.0,0.7330941,0.0483400821685791
276,[0.46055618 0.25286785 0.5066275  0.3818157 ],2.0,0.71488017,0.0483400821685791
276,[0.         0.20569134 0.16660114 0.72815967],2.0,0.63147897,0.0483400821685791
276,[0.75994664 0.23946379 0.8117135  0.3519919 ],2.0,0.6267138,0.0483400821685791
276,[0.14648925 0.4353795  0.23811375 0.7269913 ],2.0,0.6021279,0.0483400821685791
277,[0.11879444 0.2380974  0.21251225 0.42345175],2.0,0.9941923,0.049372196197509766
277,[0.26811224 0.22849149 0.46053267 0.43598855],2.0,0.99176466,0.049372196197509766
277,[0.17988887 0.3617862  0.47764316 0.69994575],2.0,0.9911624,0.049372196197509766
277,[0.5241767  0.21793588 0.66973233 0.44011456],2.0,0.9873788,0.049372196197509766
277,[0.1973159  0.24649808 0.2988278  0.39171895],2.0,0.98703015,0.049372196197509766
277,[0.         0.23950893 0.1709916  0.5402741 ],2.0,0.9633685,0.049372196197509766
277,[0.68015194 0.24588081 0.76606464 0.37177268],2.0,0.8907841,0.049372196197509766
277,[0.49147388 0.26654375 0.5361795  0.37435406],2.0,0.8716022,0.049372196197509766
277,[0.84195083 0.2209557  0.89505035 0.37327066],0.0,0.8678303,0.049372196197509766
277,[0.7597472  0.23913    0.81433374 0.3533272 ],2.0,0.76653814,0.049372196197509766
277,[0.4342363  0.23950729 0.48538566 0.37524524],2.0,0.7478162,0.049372196197509766
277,[0.45840687 0.25432238 0.508976   0.3814421 ],2.0,0.7450974,0.049372196197509766
277,[0.8438789  0.25309688 0.8939082  0.3998937 ],3.0,0.60961413,0.049372196197509766
278,[0.12144071 0.23758161 0.21687397 0.42364764],2.0,0.9937935,0.048996925354003906
278,[0.2737622  0.22775173 0.46191922 0.44126713],2.0,0.9912538,0.048996925354003906
278,[0.5256141  0.21988732 0.66889197 0.43979335],2.0,0.9908232,0.048996925354003906
278,[0.18376648 0.36252275 0.47020525 0.6977676 ],2.0,0.9906059,0.048996925354003906
278,[0.20537809 0.24124154 0.2989588  0.39699748],2.0,0.9831146,0.048996925354003906
278,[0.         0.24109076 0.17225933 0.5381674 ],2.0,0.98133564,0.048996925354003906
278,[0.8399123  0.21724893 0.8926722  0.3794437 ],0.0,0.9123505,0.048996925354003906
278,[0.68313414 0.25490856 0.76982576 0.37618613],2.0,0.8950833,0.048996925354003906
278,[0.45636538 0.2527044  0.511795   0.38356134],2.0,0.87392163,0.048996925354003906
278,[0.7602028  0.2433355  0.81600875 0.34918857],2.0,0.81856257,0.048996925354003906
278,[0.84232616 0.24986625 0.8915062  0.40616518],3.0,0.71740425,0.048996925354003906
279,[0.12367117 0.23528193 0.22086522 0.42095554],2.0,0.99392474,0.0538938045501709
279,[0.18617067 0.35799277 0.46580604 0.6953938 ],2.0,0.99292684,0.0538938045501709
279,[0.28636226 0.22722462 0.4730161  0.4331937 ],2.0,0.9912,0.0538938045501709
279,[0.5263708  0.21847445 0.66790754 0.43557447],2.0,0.9807373,0.0538938045501709
279,[0.20662755 0.24110714 0.29869646 0.39436743],2.0,0.97721577,0.0538938045501709
279,[0.         0.23712626 0.1727339  0.53921247],2.0,0.95543635,0.0538938045501709
279,[0.4568112  0.24858159 0.50833106 0.3866437 ],2.0,0.89182603,0.0538938045501709
279,[0.6841184  0.2471089  0.7680751  0.37022546],2.0,0.88708824,0.0538938045501709
279,[0.8405511  0.2157099  0.8901518  0.37813744],0.0,0.8864634,0.0538938045501709
279,[0.76021    0.24158682 0.81571394 0.34638387],2.0,0.82201093,0.0538938045501709
279,[0.84033304 0.25591233 0.88854903 0.40360275],3.0,0.7640804,0.0538938045501709
279,[0.493592   0.2625895  0.53651905 0.37553525],2.0,0.6871179,0.0538938045501709
280,[0.12382875 0.2355012  0.22072606 0.4211764 ],2.0,0.9938726,0.05623340606689453
280,[0.18861265 0.35736373 0.4651677  0.6942427 ],2.0,0.99267566,0.05623340606689453
280,[0.2867411  0.22721612 0.47257134 0.43303782],2.0,0.99071527,0.05623340606689453
280,[0.20630318 0.24078844 0.29888648 0.39440662],2.0,0.9809631,0.05623340606689453
280,[0.5267207  0.21919116 0.6675015  0.43554297],2.0,0.97744435,0.05623340606689453
280,[0.         0.23674165 0.17254192 0.5386175 ],2.0,0.9594086,0.05623340606689453
280,[0.6836317  0.24798304 0.76828057 0.36981332],2.0,0.887244,0.05623340606689453
280,[0.83988863 0.21737418 0.8905154  0.3772997 ],0.0,0.8861728,0.05623340606689453
280,[0.45676282 0.24857113 0.5085563  0.38646814],2.0,0.8841689,0.05623340606689453
280,[0.76012015 0.24245556 0.81610525 0.34677166],2.0,0.827566,0.05623340606689453
280,[0.8397815  0.253941   0.8889289  0.40456074],3.0,0.76974505,0.05623340606689453
280,[0.4933093  0.26197335 0.5364739  0.37597397],2.0,0.6960751,0.05623340606689453
281,[0.18653154 0.35293734 0.46513635 0.68938696],2.0,0.9929623,0.049968719482421875
281,[0.28896356 0.2266473  0.47111613 0.43601042],2.0,0.9915276,0.049968719482421875
281,[0.12653235 0.23784441 0.22320622 0.4211198 ],2.0,0.9887104,0.049968719482421875
281,[0.20774516 0.24056995 0.29914084 0.39765877],2.0,0.9765503,0.049968719482421875
281,[0.5277133  0.21672699 0.6666076  0.43349054],2.0,0.97615534,0.049968719482421875
281,[0.         0.23717928 0.17424765 0.53667617],2.0,0.95922285,0.049968719482421875
281,[0.45388478 0.24661821 0.51137364 0.38754058],2.0,0.93010294,0.049968719482421875
281,[0.8379442  0.21549284 0.89055854 0.3777637 ],0.0,0.88527536,0.049968719482421875
281,[0.6838274  0.24761325 0.76635945 0.36910987],2.0,0.8228434,0.049968719482421875
281,[0.83776563 0.25771472 0.8879209  0.40438268],3.0,0.81076664,0.049968719482421875
281,[0.7616884  0.24138081 0.8158726  0.34867716],2.0,0.69180644,0.049968719482421875
282,[0.18678506 0.34900844 0.45941502 0.6899718 ],2.0,0.995646,0.05171847343444824
282,[0.28796163 0.22332066 0.4806572  0.44333446],2.0,0.9930959,0.05171847343444824
282,[0.13224643 0.23498604 0.22486544 0.4153361 ],2.0,0.9897743,0.05171847343444824
282,[0.52753675 0.22196384 0.66693425 0.43144387],2.0,0.9826222,0.05171847343444824
282,[0.20992744 0.2384121  0.29999053 0.40296048],2.0,0.96389526,0.05171847343444824
282,[0.00254717 0.23970501 0.19036195 0.53414035],2.0,0.93781227,0.05171847343444824
282,[0.833517   0.24970935 0.8838236  0.40211874],3.0,0.90605944,0.05171847343444824
282,[0.45757657 0.24107099 0.51251006 0.37376815],2.0,0.8988649,0.05171847343444824
282,[0.83193016 0.21003306 0.88727415 0.38908112],0.0,0.89078575,0.05171847343444824
282,[0.68819505 0.24968588 0.7670222  0.36736608],2.0,0.8878555,0.05171847343444824
282,[0.7628318  0.24171534 0.8170438  0.3440306 ],2.0,0.785307,0.05171847343444824
283,[0.18936218 0.3452522  0.45576835 0.6911224 ],2.0,0.9957511,0.050684213638305664
283,[0.1345915  0.23344034 0.2254559  0.4157498 ],2.0,0.9926201,0.050684213638305664
283,[0.28971753 0.22249529 0.48032716 0.44452742],2.0,0.98741233,0.050684213638305664
283,[0.5273314 0.2212694 0.6672662 0.4302322],2.0,0.9805653,0.050684213638305664
283,[2.3295730e-04 2.3654497e-01 1.9168714e-01 5.3303546e-01],2.0,0.9701336,0.050684213638305664
283,[0.2107335  0.24602091 0.2997612  0.38885772],2.0,0.96873826,0.050684213638305664
283,[0.45585483 0.24043599 0.51611495 0.37385777],2.0,0.93507147,0.050684213638305664
283,[0.83226085 0.21176586 0.8862461  0.38710353],0.0,0.862009,0.050684213638305664
283,[0.83301586 0.24787253 0.8836517  0.40411294],3.0,0.8142753,0.050684213638305664
283,[0.6887675  0.24874546 0.76788944 0.36800686],2.0,0.77920914,0.050684213638305664
283,[0.76104665 0.24263306 0.81712985 0.34378016],2.0,0.72296107,0.050684213638305664
284,[0.18461657 0.34569806 0.45644283 0.68495005],2.0,0.99544686,0.05084562301635742
284,[0.13821578 0.23210377 0.22416449 0.41567302],2.0,0.9921378,0.05084562301635742
284,[0.29348642 0.22221592 0.48162663 0.4457871 ],2.0,0.98795897,0.05084562301635742
284,[0.52871615 0.22179216 0.66573197 0.42914468],2.0,0.9724914,0.05084562301635742
284,[0.         0.23759939 0.19326843 0.53348076],2.0,0.95810646,0.05084562301635742
284,[0.21572044 0.24761531 0.30106875 0.38629237],2.0,0.93465084,0.05084562301635742
284,[0.8289494  0.21529369 0.8831741  0.38173783],0.0,0.8732829,0.05084562301635742
284,[0.45487878 0.23894858 0.51436144 0.37499392],2.0,0.84582525,0.05084562301635742
284,[0.6910414  0.25024173 0.7698545  0.3665255 ],2.0,0.80441856,0.05084562301635742
284,[0.83098257 0.24493164 0.8813652  0.4028263 ],3.0,0.74592364,0.05084562301635742
284,[0.76061046 0.24107496 0.8173139  0.34305212],2.0,0.71039474,0.05084562301635742
285,[0.18655525 0.34519064 0.4555483  0.6853311 ],2.0,0.99567705,0.051331281661987305
285,[0.13822788 0.23209438 0.22444856 0.41610572],2.0,0.99180984,0.051331281661987305
285,[0.29376698 0.22146967 0.48087382 0.44576517],2.0,0.9881094,0.051331281661987305
285,[0.5287371  0.22221021 0.6655193  0.42935926],2.0,0.9711724,0.051331281661987305
285,[0.         0.23762128 0.19242518 0.5333946 ],2.0,0.95886534,0.051331281661987305
285,[0.21633637 0.2478247  0.30046576 0.38610902],2.0,0.9414517,0.051331281661987305
285,[0.82906836 0.21399677 0.8831697  0.38221717],0.0,0.89322543,0.051331281661987305
285,[0.45507985 0.2393364  0.5157389  0.37459812],2.0,0.85437506,0.051331281661987305
285,[0.6909459  0.25004002 0.7695233  0.36656228],2.0,0.8012462,0.051331281661987305
285,[0.8314     0.2463638  0.88114446 0.4020502 ],3.0,0.7081089,0.051331281661987305
285,[0.76050526 0.24103354 0.81654054 0.3439987 ],2.0,0.6696256,0.051331281661987305
286,[0.18552443 0.34148636 0.45168123 0.68731225],2.0,0.9938794,0.055169105529785156
286,[0.1396788  0.23103309 0.22567615 0.4149673 ],2.0,0.9922921,0.055169105529785156
286,[0.29175752 0.21526258 0.47819662 0.45199645],2.0,0.984544,0.055169105529785156
286,[0.53172976 0.22243935 0.6638661  0.42738974],2.0,0.9641684,0.055169105529785156
286,[0.22340614 0.24559496 0.30669945 0.3625909 ],2.0,0.9574817,0.055169105529785156
286,[0.00121705 0.23834164 0.19287395 0.5320436 ],2.0,0.9561593,0.055169105529785156
286,[0.45575485 0.23896134 0.5136864  0.37403047],2.0,0.8827314,0.055169105529785156
286,[0.8262705  0.22064579 0.88171464 0.37536353],0.0,0.8462659,0.055169105529785156
286,[0.6921342  0.25064954 0.7703541  0.36580613],2.0,0.7172388,0.055169105529785156
286,[0.758162   0.24349338 0.8161726  0.34334016],2.0,0.6346271,0.055169105529785156
287,[0.19405177 0.31291255 0.44735613 0.6642493 ],2.0,0.9903207,0.05057787895202637
287,[0.29536596 0.20801188 0.47307518 0.4552667 ],2.0,0.9856567,0.05057787895202637
287,[0.14977506 0.23037013 0.23466104 0.41442022],2.0,0.9824784,0.05057787895202637
287,[0.22776106 0.24684644 0.3072733  0.35556078],2.0,0.98222727,0.05057787895202637
287,[0.00446628 0.22559147 0.20115082 0.4966259 ],2.0,0.9819577,0.05057787895202637
287,[0.53313273 0.2227098  0.66268605 0.42460117],2.0,0.9795411,0.05057787895202637
287,[0.45397612 0.23712698 0.5109759  0.3769246 ],2.0,0.90952355,0.05057787895202637
287,[0.8267548  0.26431638 0.8784038  0.39689487],3.0,0.86420816,0.05057787895202637
287,[0.439387   0.24757126 0.48956826 0.40223727],2.0,0.86108327,0.05057787895202637
287,[0.82169616 0.2176579  0.87700903 0.37398234],0.0,0.8050817,0.05057787895202637
287,[0.6949444  0.24786803 0.7709993  0.36607203],2.0,0.77472156,0.05057787895202637
287,[0.75948167 0.24040988 0.8149555  0.34522942],2.0,0.6285857,0.05057787895202637
288,[0.1925479  0.30568516 0.44536525 0.67018664],2.0,0.9906287,0.049807071685791016
288,[0.00516962 0.21948028 0.20340574 0.5005449 ],2.0,0.98973244,0.049807071685791016
288,[0.53236145 0.22444624 0.66238433 0.42391455],2.0,0.9845265,0.049807071685791016
288,[0.2998451  0.20454186 0.47082257 0.4531374 ],2.0,0.98422384,0.049807071685791016
288,[0.15284598 0.22898318 0.23535585 0.41427773],2.0,0.97254705,0.049807071685791016
288,[0.22993937 0.245933   0.30700925 0.34505427],2.0,0.9691005,0.049807071685791016
288,[0.4525356  0.2333497  0.51157075 0.37858564],2.0,0.9271358,0.049807071685791016
288,[0.6952168 0.2466064 0.7729707 0.3657059],2.0,0.8095652,0.049807071685791016
288,[0.4399759  0.24736547 0.48955896 0.40027392],2.0,0.8027793,0.049807071685791016
288,[0.8244243  0.25253946 0.8724833  0.3961454 ],3.0,0.7667977,0.049807071685791016
288,[0.7617324  0.2390427  0.8136923  0.33865052],2.0,0.6342518,0.049807071685791016
289,[0.19328927 0.3058918  0.44509363 0.66267484],2.0,0.98906416,0.049201250076293945
289,[0.00575829 0.21943097 0.2063599  0.4880759 ],2.0,0.98730713,0.049201250076293945
289,[0.53425956 0.21979159 0.66180146 0.4184115 ],2.0,0.9828272,0.049201250076293945
289,[0.30130464 0.20114242 0.4685744  0.45764613],2.0,0.97808,0.049201250076293945
289,[0.15856396 0.22312564 0.23641737 0.4201395 ],2.0,0.9582447,0.049201250076293945
289,[0.23300534 0.24428725 0.30720717 0.34082425],2.0,0.9296805,0.049201250076293945
289,[0.45473683 0.23304276 0.512141   0.37510377],2.0,0.9111056,0.049201250076293945
289,[0.4483012  0.23872983 0.49975836 0.39873075],2.0,0.8775878,0.049201250076293945
289,[0.6964237  0.243265   0.77377194 0.36542162],2.0,0.7862415,0.049201250076293945
289,[0.82043713 0.21047139 0.87341243 0.3872701 ],3.0,0.7663514,0.049201250076293945
290,[0.19074339 0.3063488  0.44696832 0.661837  ],2.0,0.9893271,0.05388760566711426
290,[0.00596002 0.2190991  0.20684847 0.48841769],2.0,0.9866681,0.05388760566711426
290,[0.30114967 0.20082265 0.4686247  0.4580176 ],2.0,0.9791634,0.05388760566711426
290,[0.5343151  0.21983123 0.66163445 0.4182279 ],2.0,0.9789215,0.05388760566711426
290,[0.15852249 0.22318926 0.23610547 0.4198912 ],2.0,0.95917124,0.05388760566711426
290,[0.23230179 0.24383807 0.3073673  0.3419962 ],2.0,0.9397895,0.05388760566711426
290,[0.45465177 0.23260668 0.5123955  0.37555352],2.0,0.9120558,0.05388760566711426
290,[0.44819632 0.23910868 0.4997767  0.39885873],2.0,0.8858333,0.05388760566711426
290,[0.6966086  0.24532267 0.77428323 0.3659759 ],2.0,0.8446126,0.05388760566711426
290,[0.8243934  0.2526225  0.8724575  0.39587724],3.0,0.77341104,0.05388760566711426
290,[0.8147092  0.21479994 0.86808026 0.38002175],3.0,0.6065125,0.05388760566711426
291,[0.19253726 0.30458176 0.44414765 0.65907496],2.0,0.99099267,0.04903912544250488
291,[0.5342007  0.21963117 0.6615756  0.41624907],2.0,0.9825664,0.04903912544250488
291,[0.2994078  0.19919167 0.4686174  0.45719266],2.0,0.97887534,0.04903912544250488
291,[0.00942972 0.21671432 0.20630267 0.49559146],2.0,0.97880983,0.04903912544250488
291,[0.15951188 0.22099942 0.23682348 0.4285078 ],2.0,0.96651995,0.04903912544250488
291,[0.4561638  0.2289789  0.5108129  0.38003835],2.0,0.91867375,0.04903912544250488
291,[0.23308268 0.24421836 0.3083689  0.33861536],2.0,0.86021763,0.04903912544250488
291,[0.8127505  0.21557596 0.8676744  0.38244548],3.0,0.8473939,0.04903912544250488
291,[0.6980882  0.2445443  0.7720427  0.36399326],2.0,0.8431985,0.04903912544250488
291,[0.43898237 0.24638999 0.49020648 0.39719516],2.0,0.76579076,0.04903912544250488
292,[0.19498284 0.29846734 0.44107604 0.65129316],2.0,0.992991,0.051133155822753906
292,[0.53392726 0.21961844 0.6626013  0.4137023 ],2.0,0.9788683,0.051133155822753906
292,[0.010717   0.21321721 0.20987561 0.48668802],2.0,0.9758439,0.051133155822753906
292,[0.3023917  0.1978657  0.4661162  0.45380738],2.0,0.97441304,0.051133155822753906
292,[0.16205843 0.21621403 0.23697649 0.43178502],2.0,0.9534795,0.051133155822753906
292,[0.45227563 0.22686765 0.50973827 0.3801922 ],2.0,0.948662,0.051133155822753906
292,[0.8163497 0.2021167 0.8597887 0.3411987],0.0,0.8433473,0.051133155822753906
292,[0.81231004 0.25902689 0.85906583 0.3881114 ],3.0,0.805082,0.051133155822753906
292,[0.43638694 0.2257973  0.4940437  0.3857184 ],2.0,0.62735426,0.051133155822753906
293,[0.2004337  0.28994244 0.43507168 0.66179305],2.0,0.9924046,0.05477738380432129
293,[0.5343121  0.2195249  0.6627215  0.41323298],2.0,0.98215586,0.05477738380432129
293,[0.30537814 0.19812869 0.46537125 0.4539284 ],2.0,0.9687513,0.05477738380432129
293,[0.01288261 0.21126427 0.20941535 0.48363197],2.0,0.96573603,0.05477738380432129
293,[0.4504482  0.22562301 0.51050055 0.3842858 ],2.0,0.95981437,0.05477738380432129
293,[0.16405308 0.21770003 0.23881787 0.42730024],2.0,0.9533482,0.05477738380432129
293,[0.80847806 0.26319104 0.85623366 0.38770497],3.0,0.7669277,0.05477738380432129
293,[0.81476206 0.20179303 0.8583202  0.34075487],0.0,0.7606993,0.05477738380432129
294,[0.19906503 0.28479135 0.437397   0.6550997 ],2.0,0.9931539,0.049877166748046875
294,[0.01634247 0.20941398 0.21386856 0.4799131 ],2.0,0.984234,0.049877166748046875
294,[0.53420913 0.22096214 0.66289437 0.41082224],2.0,0.98255455,0.049877166748046875
294,[0.30738193 0.19629297 0.46450925 0.45221016],2.0,0.9747245,0.049877166748046875
294,[0.4484099  0.2254397  0.51029897 0.38276306],2.0,0.9662153,0.049877166748046875
294,[0.17293444 0.2201509  0.24066886 0.38358527],2.0,0.91911554,0.049877166748046875
294,[0.8169368  0.19905156 0.85637766 0.3439027 ],0.0,0.8394472,0.049877166748046875
294,[0.70092475 0.24560525 0.77342916 0.35681784],2.0,0.68844914,0.049877166748046875
295,[0.19857204 0.28512216 0.437975   0.65608126],2.0,0.99415135,0.048749446868896484
295,[0.01646803 0.20981152 0.21423876 0.47831827],2.0,0.9861646,0.048749446868896484
295,[0.53441936 0.22101118 0.6626136  0.41071594],2.0,0.9799129,0.048749446868896484
295,[0.30705118 0.19604781 0.46479803 0.4523131 ],2.0,0.97577536,0.048749446868896484
295,[0.44803894 0.225095   0.5099768  0.38341102],2.0,0.9674692,0.048749446868896484
295,[0.16454506 0.21540892 0.24232426 0.43436116],2.0,0.9017106,0.048749446868896484
295,[0.81664187 0.19945124 0.85629135 0.34224913],0.0,0.82828885,0.048749446868896484
295,[0.7006771  0.24473856 0.7729885  0.35624346],2.0,0.67411345,0.048749446868896484
